9.592968858702359825e-01
5.825076263112882735e-02
5.354161534239917919e-02
-4.736428468449442875e-01
4.720043421077686485e-01
-2.073939536334628020e-01
5.902951103571174585e-01
-7.579306720759084737e-01
4.273641197725008833e-01
-1.868368151453896342e-01
-5.330878436153150268e-01
-9.467218833957282698e-01
-5.047910959665231623e-01
6.866646160898653983e-01
7.907419557678418975e-02
4.444607338545876196e-01
-6.780050569491047341e-01
2.002192750026132728e-02
7.998892822428707028e-01
5.494708389849336516e-01
-2.122740091701702525e-01
2.630131477885959690e-01
-4.356984779460937318e-01
5.696691259224220261e-01
-9.713801586375101493e-01
-9.428083238175528624e-01
-1.000000000000000000e+00
-1.656996776003885063e-01
8.486986327279641973e-01
6.956207647619343515e-01
-2.007786986807809093e-01
-6.924038061665660493e-02
-5.217904359685401339e-01
3.177397843843599023e-02
7.553241124891862945e-02
-7.162078195529597568e-01
2.873221192832476345e-01
9.955722804225077827e-01
1.323952069148142119e-01
9.515320198749295244e-01
-1.000000000000000000e+00
-1.000000000000000000e+00
-6.422946354715883821e-01
8.182689125539630570e-01
7.380297219540430387e-01
-9.601843402577465714e-01
4.062934021803397133e-01
7.854093568479574294e-01
-8.814870387359867721e-01
-1.447263464963939872e-01
-3.016178820420454265e-01
4.243160405236268140e-02
9.166681548490489551e-01
9.880749193534874575e-01
-2.587281417028242103e-01
-4.789440490955727547e-01
2.996303021182344928e-01
7.789562693852065678e-01
-9.531338219807850010e-01
4.263189290986750812e-01
-5.689662123647589720e-01
-7.301710833528602951e-01
7.157920283573422360e-01
-3.330113681777853163e-01
-1.069930022828144978e-01
-2.865293406024549405e-02
-9.927087193409118715e-01
8.553434480730877087e-01
2.675316889939496345e-01
-8.856306247536009923e-01
-4.564781223459555282e-01
3.585605574531198769e-01
-4.165781861271984354e-01
3.400688662154216502e-02
7.329682471290266399e-02
3.059344555683378708e-01
-3.208678201784989081e-01
-5.703860285091774118e-01
-1.000000000000000000e+00
-6.514680755664672418e-01
-1.188938097528462468e-01
-3.728684503941632755e-01
-8.826405105991419475e-01
5.537388795555391319e-01
7.240796894578496179e-01
7.914313058024731173e-01
3.597657467208681403e-01
-3.824987576836420544e-01
-1.526089047243270880e-01
-8.946374361857027946e-01
-7.032655204176685437e-02
7.978385815307980078e-01
-4.948122406774602133e-02
-9.555272603575208912e-01
-3.409146139761156657e-01
3.785167646817229059e-01
-5.276464994873761860e-01
-4.900909948331790833e-01
7.321575744086206150e-01
-6.720884434975264998e-01
3.177408589505013037e-01
5.594415381325881231e-01
-2.813297510753365316e-01
-5.277987102455492519e-01
6.287946789011882309e-01
8.578147628522687640e-01
7.590235249360013370e-01
-8.551319490965889614e-01
-3.139012313336841942e-02
5.467679817937449727e-01
8.044989153821677785e-01
-3.721107890271670993e-01
9.951570595271070907e-01
7.623128060430295339e-01
-9.281028849600985176e-01
6.612057446489827406e-01
2.458078486064216861e-01
-9.818522184102238537e-01
-6.960368713160702825e-01
8.200882690099948746e-01
6.487750809045922384e-01
-7.430693419628648932e-01
4.149547195991509785e-01
-1.776867884699924183e-01
-6.330684804315203085e-01
-2.407675361618601961e-01
2.556908604093968140e-01
-1.342273005355023585e-01
-3.148370578111894247e-01
-2.485873127614568467e-02
-9.519545640422211186e-02
-5.918459187916229602e-01
5.641516996300337539e-01
5.957940458084494129e-01
-4.809385528559917411e-02
6.792293577992001286e-01
2.643640679392806891e-01
-7.696080075817732791e-01
-1.135368830289984476e-01
3.810379444418472428e-01
3.735711444593068364e-01
-8.087088344064143897e-01
6.040269961970357038e-01
2.445512525402635529e-01
-6.607974335133692811e-02
5.795464581109082136e-01
4.420271412217040563e-01
-2.023435483712245908e-01
-7.117336389789579165e-01
-6.082382194030757638e-01
-3.030103517864719542e-01
-6.077475001921517350e-01
-5.730356731513053248e-01
-2.158420334570045895e-01
2.702452197616276308e-01
1.901962209548357929e-01
3.442951622878407392e-01
-7.603748274523747241e-02
8.056373011987441046e-01
7.451643101041367512e-01
-2.690393345174948436e-01
1.000000000000000000e+00
9.530466250750102564e-01
2.611077239340415801e-01
-8.811977471615439761e-02
4.889443628797587316e-01
8.765744894684748267e-01
3.273349447462241546e-01
2.821102192469282510e-01
5.119402497196887669e-01
-9.838321513939702889e-01
7.979683495371658886e-01
-4.926028683831353838e-01
-5.900452390000143765e-01
2.091252357020838559e-01
-5.269410028044063665e-02
7.602071189839221255e-01
-7.017923661607960995e-02
-4.425754211620251954e-01
-6.672608622093565423e-01
4.329263026056213715e-01
8.305218860508267742e-01
6.689681397262599027e-01
2.198822815050893720e-01
5.645278937476032599e-01
1.000000000000000000e+00
-6.414192874567707925e-01
-9.003882518700123683e-01
1.000000000000000000e+00
-7.163888143021353017e-01
1.587494924097117011e-01
1.230368936567896032e-01
3.280622948688665108e-01
-4.504220999746704202e-01
-4.128125546794538803e-01
-5.809210422312327537e-02
-9.899969813597744306e-01
-8.567842593843444376e-01
6.067055360997140045e-01
-2.125367529340183026e-01
-3.443954956748564999e-01
-8.112102444962698833e-01
9.290645144886922058e-01
1.037908775867655287e-01
-1.880070607962907037e-01
5.275273049629554123e-01
8.506536640342547972e-01
1.452873314373126501e-01
-9.577577035356101831e-01
2.134337325273616415e-02
-1.000000000000000000e+00
1.000000000000000000e+00
1.013798115014787893e-01
-8.275140751460801081e-01
2.975017212283204149e-01
-8.541972591876281218e-01
-5.709883911790534228e-01
-8.416288994765706022e-01
-1.000000000000000000e+00
-9.780101200119053484e-01
3.937035250539364650e-01
9.488463888810514391e-01
-5.809920496355818198e-01
-9.450456683264081281e-01
-8.338693578125464523e-01
7.907064745772183212e-01
5.711332452320661002e-01
-2.172456239513538279e-01
9.007283948714339683e-01
-5.805245764536799413e-01
9.058757456925706775e-01
-3.632245259178830121e-01
-5.186628557939054751e-02
-9.234679725979242360e-01
1.941549748888671267e-01
-7.883511316551263803e-01
3.779881786672762978e-01
-4.220783245984449650e-02
9.324732685934316034e-01
5.091066966864252752e-01
-5.266891064334462413e-01
4.685628743216221359e-01
4.974526056193291357e-01
5.182033970982531379e-01
2.992972056645459844e-01
6.493050548234458041e-01
4.868794181760192075e-01
-2.872176953877441097e-01
8.395858755897480652e-01
-2.725150056608005578e-01
9.524436629516703778e-01
5.891483961307129036e-01
-8.313494934917979862e-01
2.584371118344450657e-01
-5.093973237062676684e-01
-1.000000000000000000e+00
9.925900114986432321e-01
6.172884641070950362e-01
6.986517259741664709e-01
8.122392737029942023e-01
-1.338329457154043833e-01
8.361074014094698192e-01
8.821451465450573792e-01
-5.949199567887228923e-01
5.781466564064139391e-01
