9.024230480171315794e-01
-1.051785353524055111e-01
5.253066201855276507e-01
7.974913758465719260e-01
1.000000000000000000e+00
6.180818666501142200e-01
-5.445680918780482216e-01
8.366177563342911405e-01
-3.437372658438480055e-01
7.821190395278110330e-02
-4.400470160912388629e-01
-9.661691312073679150e-01
-3.048784072112542542e-01
5.079543790030954797e-02
-9.004023707169959145e-01
5.950315168009878697e-02
7.181011928958396240e-01
-5.096910055474441759e-01
-6.977432896542987706e-01
-5.115284359245981793e-01
9.699500840650854272e-02
5.527258267502461742e-01
-8.853397213468994220e-01
-9.710516498883525749e-02
9.733600158636246391e-02
-2.479927105454609038e-01
1.026856679001695027e-01
6.501848277298405421e-01
8.072813734549679765e-01
2.109931474403119456e-01
-8.014330878155494498e-01
3.046638954895644069e-01
9.427247221021595180e-02
-1.520010550396693194e-01
-4.941748619642263307e-01
4.196209113763791354e-01
-1.991734470097115128e-01
6.552337330494308887e-01
3.466417386779105936e-01
7.207348426975679345e-01
-3.106377652730474281e-03
-9.655181422935268376e-01
-7.894207028696875739e-02
2.369079558309519218e-01
-8.814115875723806948e-01
6.185901414964927181e-01
-6.691046323659233241e-01
7.962936360752395082e-01
-5.278984955325385364e-01
-4.859956424506570727e-01
-7.518777423219207279e-01
-1.587123903462717145e-02
5.437763221153442128e-01
-2.636479895872656520e-01
-6.765206722029581954e-02
9.317748642526941794e-01
-2.330291763555303319e-01
6.106776907022393175e-02
9.217811747016257939e-02
5.457616075025188973e-01
8.086038142173346266e-02
2.957422491542776033e-01
9.663316309980805041e-01
6.880516128203832960e-01
6.533440805548180741e-01
-5.122631059993612013e-01
-4.787991659349832840e-01
-9.597315814030888959e-01
-9.270064120687131481e-01
5.926211133176870760e-01
5.782749827414566113e-01
-3.085115043922914690e-01
-3.544208330511695593e-01
-1.227566488636175901e-01
-1.362214640098771135e-01
-8.680696214265182231e-01
4.142082689182919886e-01
-6.679357340705425194e-01
9.158032681710592815e-01
3.662545715661966739e-01
2.010241662638232452e-01
9.413386166115127462e-01
5.449531848639610487e-02
-1.362130601131050778e-01
9.918003564547490658e-01
-7.387030327637811311e-02
5.959955106357381904e-01
-7.761863854451263034e-01
-4.634391266278781174e-01
7.000223822250162264e-01
-7.193307510428572638e-01
-8.050275832523263730e-01
8.335089818640593062e-01
3.862710268666360580e-01
9.043989474454992017e-01
-5.755449711897415721e-01
5.067940210604224838e-01
-8.845508367357948210e-01
6.701872518578522175e-02
8.211153844529659462e-01
2.292472657772832711e-01
-7.213243552737829134e-01
4.443726606627409481e-01
4.667590603877989075e-01
-8.099353556109658570e-01
-9.874519532309538050e-01
3.994898212358370948e-01
-4.298194486988899943e-01
8.465940770461821696e-01
6.134932818983607206e-02
-7.313943326143041990e-01
9.278313042395718302e-01
-5.324893630181604109e-02
-6.754788837868683782e-01
-7.327265695729732187e-01
-2.370649608687016574e-01
-7.038743200489170349e-01
-9.587845132392021075e-01
5.838537317995289300e-01
3.804509983313786314e-02
1.554099035790366123e-01
2.251974461660724014e-01
2.826850475077862246e-01
3.592954927593121628e-01
-8.702578938819027776e-02
-1.200127216615398673e-01
-3.757414502839770964e-01
-9.056944198359442311e-01
-7.427065153621623672e-01
9.216032251524894914e-01
-5.806917976841481366e-01
-7.269960276594686910e-01
1.857467486746806618e-01
-2.034051458515693245e-01
-9.056715379168081004e-01
1.310300290611230434e-01
2.345555986808411930e-03
-6.750197761885032843e-01
8.479463570760408242e-01
-5.542567793751336236e-01
-8.448707346998400869e-01
-5.073823660058853768e-01
-2.489051622442688405e-01
1.683357082774745717e-01
7.221298704205891816e-02
9.172405025924372790e-01
-5.352565595429445988e-01
-1.414345428028838114e-01
7.297118275301470725e-01
4.135955129377395512e-01
7.993438988193799499e-01
6.193027475159091910e-01
-5.934530903260060164e-02
2.853517157758380662e-01
9.740777605801882455e-01
4.173099498744237135e-01
-3.387121257507885730e-01
3.577954783425907337e-01
-4.172738788011813860e-01
-8.780379740214192541e-01
2.249216005082752545e-01
-4.784320563900401613e-01
2.979228609783945991e-02
4.258575990433730585e-01
-9.236543593859622980e-01
8.759277434523362604e-01
9.335388279463023853e-01
1.433484024534603662e-02
-3.452457830113822013e-01
9.619260780555527468e-01
6.005561223900859336e-01
9.319971657312553504e-02
5.977154533874604603e-01
7.847927987860863208e-01
2.066749199696020778e-01
5.325673353996926984e-01
7.190390764906784415e-01
-8.834061474091925437e-01
7.606254281771795966e-02
-5.856646212855329825e-01
4.189837128593678628e-01
-5.979766647097051191e-01
-5.691571241619302057e-01
-4.021545656023179927e-01
6.118653432826224314e-01
-5.297268693350971613e-01
3.368601660195638114e-01
1.058619260436883813e-01
-4.498354529384791523e-01
-3.902538541799336347e-01
-4.693742573459100953e-01
7.562560369775281899e-01
-6.060284952681047610e-01
-6.281292005280778579e-01
-1.398455019922610898e-01
3.606735316201026276e-01
-8.864931317568978120e-01
2.540895202089732408e-01
8.605895410173289850e-01
4.309941826568319811e-01
2.409183460224864071e-01
2.710973910710401391e-02
2.544750153915538160e-01
6.577865818663484188e-01
-2.410819862377417966e-01
-2.096545117845525219e-01
-9.342684191318118003e-02
3.272179253435738566e-01
9.342736844907348903e-01
-8.740335896291719919e-01
5.617520535545015292e-01
-3.488274441963232775e-01
-4.694286198390109632e-01
8.586610767586433379e-01
8.074976115852767755e-01
4.485939354683390334e-01
-1.102421376441566903e-01
4.494503121855326633e-01
-5.658903742593168751e-01
-9.506340625417035728e-01
-6.399647311626266433e-01
8.148721119293795834e-01
-7.097087695028232446e-01
-9.641466817696049407e-01
1.087611116580342596e-01
-1.486580908116807986e-01
-9.035883023793096491e-01
4.165568391841645290e-01
-1.515850728164060968e-01
-9.061906801613037743e-01
-6.947344650774298636e-01
-6.961104285176058504e-01
2.973449862871877514e-01
9.036729698476702044e-01
-4.466007084244409953e-01
-7.370124547554557370e-01
7.074509867288367726e-01
6.878546616385583512e-01
7.516015492716561219e-01
-6.186989588047957511e-01
2.325584572998318222e-02
7.665532041169824673e-01
8.040282783211514239e-01
-7.961881351236801407e-01
6.093637686278439158e-01
8.023740167719775052e-01
-7.079923923486062254e-01
-8.752413298571513067e-01
-3.721216982864896106e-01
5.823453738513635347e-01
-2.995358541023309673e-01
2.403725596658439212e-01
2.044922843658736333e-01
-7.711306561397204273e-01
1.222402429763791432e-03
-1.321161461859539088e-01
5.102754096312100973e-01
9.675163129744610568e-01
3.907940603141275560e-01
7.703652036032293537e-01
2.322922116129073622e-01
9.090203493769695164e-01
-6.446863646269194170e-01
6.001369704280219430e-01
1.918241837749381506e-01
