5.914680422246685332e-01
6.244455974942875187e-02
3.898168909613330957e-01
2.684215825568629921e-01
-9.938531444374407720e-01
-6.364183690626177281e-01
-9.572200201464537983e-01
5.303749116448989165e-01
-6.665884208110894882e-01
-9.878738751676738872e-01
8.497823129072701320e-01
4.643100246119666874e-01
-7.594657876272781216e-01
7.882486297675885822e-01
7.632027708702768809e-01
-2.050924323594760512e-01
-1.000000000000000000e+00
-4.701448954389879642e-01
-1.644649711069883224e-01
3.583274191977234846e-01
5.892854518555021848e-01
7.465328020862249669e-01
3.293711228271010150e-01
1.122170961340018813e-02
4.566329417964354320e-01
-9.034803631333798712e-01
-7.446718550728672614e-01
-1.320562996802758793e-01
-4.377868777649558396e-01
-3.196983558884292087e-01
-5.225291008678933924e-01
-1.000000000000000000e+00
3.641835284661172345e-01
-1.000000000000000000e+00
6.836454436202663576e-01
5.812160427679340380e-01
9.854563641555823539e-01
-5.668863764649521020e-01
-8.689558874515335152e-01
-4.413993583716668834e-01
-7.921965751759498797e-01
-6.935679144511452954e-02
-5.323179802053814580e-01
-3.960054508465162826e-01
8.303701218281058782e-01
6.650866119157343714e-01
-4.810310285584946666e-01
-2.047047811180300325e-01
6.356916716610467866e-01
7.876201026729601207e-01
-4.366388868863699813e-01
-5.048591424659252258e-01
-3.576509449803715324e-01
3.582960527770640002e-02
2.360200627531017226e-01
-6.870132819958294501e-01
-7.382379672095535916e-01
-4.035657791693409990e-01
-5.561941237761294232e-01
6.208870049106363087e-01
-3.279755046767671711e-01
-7.081677010691076468e-01
7.312292893349852108e-01
-8.089949804878682205e-01
-6.979525237600525678e-01
5.551115805380510970e-01
-9.538359294815039746e-01
-3.490020631045322452e-01
-9.489821733287387429e-02
-4.592753341250257471e-01
8.431167920349924572e-03
1.633897267899466765e-01
1.498588425882014796e-01
1.736901647218078715e-01
2.033927013452272448e-01
3.003826127399680246e-01
8.047408221498402181e-01
-8.636966712436033866e-01
3.105319472578038642e-02
7.904209685400769292e-01
5.232274111226531410e-02
1.000000000000000000e+00
7.661750119236432344e-01
5.791635711171356782e-01
7.805257177348028375e-01
-1.000000000000000000e+00
-3.655326590757446148e-01
3.937198164046924465e-01
3.842851547100065712e-01
3.204527660587350724e-01
7.120784359773366656e-01
-5.362307752789772231e-01
-9.832520037853771377e-01
-6.293978185035518091e-01
3.861488604037222050e-01
-7.836689768034297288e-01
3.376863413421338223e-01
-1.000000000000000000e+00
-4.692902745313631829e-01
3.360043834615029645e-01
2.984345562701689047e-01
2.643658531402763856e-01
-5.653007343139593299e-01
-5.410305034986346850e-01
-2.809122085433293226e-01
9.371950904373678171e-01
5.729485696572111930e-01
5.854757316336056672e-02
-4.522650732856232647e-01
4.713414131544642061e-01
-5.303676179332810214e-01
8.491473232218169631e-01
3.131620315871164184e-01
-5.544036262869256326e-01
1.584067055712097272e-01
3.381679529661396622e-02
-5.715522556848073865e-01
-7.292455230481504902e-01
1.699659821067573962e-01
3.693029847897663087e-01
2.223747043436632431e-01
-8.656866031684613549e-01
-7.023665250651436320e-01
-6.664251661324551712e-01
-8.164730075841757362e-01
-4.036276029419026967e-01
-4.703692573011217792e-01
1.031094307231363860e-01
-1.779295415773918254e-01
-2.555854648185877931e-01
6.166795491281591435e-01
-2.269760242651577276e-01
2.376563946605263489e-01
2.806846039233021894e-01
-6.520059619275822005e-01
3.524496301068920090e-01
-7.585847102799829766e-01
-1.296651725273469946e-01
-4.639528010757663079e-01
9.372087192676641365e-01
5.081952521649555354e-01
-4.677703088010043420e-01
1.629268298146770988e-01
-9.299315542974246895e-01
-3.788413319713894722e-01
5.094671914597692641e-01
-9.179980062011208197e-01
-9.668121429436749015e-01
5.038160012389103493e-02
1.000000000000000000e+00
-5.360992149748002866e-01
-8.802677340853508614e-01
-5.196862722550125158e-01
8.230104130114623828e-01
4.394592125014762374e-01
4.047690173849325390e-01
6.277517894565389778e-01
7.561030972847604392e-01
3.444700065357830798e-01
6.528209648239990948e-02
-2.337030265496866654e-01
6.643770448785530913e-01
1.000000000000000000e+00
-6.643606863124684736e-01
7.951412149034924326e-01
8.880885674364629168e-01
-3.691447854067755330e-01
3.717903322313205194e-01
8.053917638387095845e-01
-1.000000000000000000e+00
-8.140789438584601356e-01
-9.170932427522613395e-01
8.630531983147538000e-02
-4.702138026697579853e-01
1.474395747149186420e-01
-7.329967605846314793e-01
-8.574548080074295697e-01
8.018977478474352827e-01
-7.904919208949074960e-01
-1.000000000000000000e+00
6.604228398337519401e-02
5.999948947965219048e-01
1.000000000000000000e+00
1.526429487457690859e-01
1.000000000000000000e+00
1.000000000000000000e+00
2.839160255402097821e-01
9.491767317942936266e-01
6.667140222956555728e-01
-2.063410773319029889e-01
-1.896313754410581254e-01
4.108495140914334431e-01
8.065217322162607783e-01
-5.995548717997813970e-01
6.975786827032579573e-01
-1.000000000000000000e+00
8.826065210446056852e-01
8.232060515709085369e-01
4.624855234145912597e-01
-1.000000000000000000e+00
5.439483162755194279e-01
1.193171664778782670e-01
7.482613252882361898e-01
3.173789219699751918e-01
-8.142188228544577910e-01
-1.626099196565600202e-02
2.326259914153849806e-01
-8.994726264972723317e-01
1.000000000000000000e+00
-1.000000000000000000e+00
-3.160389116827910794e-01
1.000000000000000000e+00
7.241279352259601954e-01
4.792883945336188223e-01
-9.304154045842687459e-01
5.206553246129475010e-01
1.071187240025486265e-01
4.399004947457199055e-01
8.090273191069401459e-01
4.424368351439007530e-01
4.558192782425334322e-01
-3.121767867458575818e-01
-9.509509729473433204e-01
5.563935776739323824e-01
-7.392451904798831297e-01
-5.787268339577518184e-01
-2.720604976656695317e-01
-5.053582510310783427e-02
4.307054086507773327e-01
2.158254823717742354e-02
9.194759942874795033e-01
1.000000000000000000e+00
1.622043557115598889e-02
-6.016514714354781468e-01
-9.056389227437078304e-02
-8.656700719327470317e-01
9.970087371868292525e-01
6.105505807487736636e-01
-2.665195944662941407e-01
5.388924248941462380e-01
-3.913170019531324595e-01
1.000000000000000000e+00
-2.105448329037007404e-01
-6.839867344963612705e-01
8.062662311367173595e-01
9.416653408581160400e-02
2.854911972970954892e-01
8.248047888014904405e-01
1.000000000000000000e+00
9.893820662279302347e-01
-9.103686539966426849e-02
-6.908493164792446350e-01
-4.710347220825927828e-01
-1.168235060291331617e-01
-3.572977138198794034e-01
6.817040494548518570e-01
-1.000000000000000000e+00
4.590703225408703236e-01
1.583514933424363669e-01
-1.151456049359804723e-01
7.683168915952742761e-01
-1.000000000000000000e+00
-1.135732089465191219e-01
7.134444396133894362e-01
1.916900157829253271e-01
