-1.506001856649332726e-01
9.814535713913001835e-01
-3.682989863097518857e-01
-3.408040451464589005e-02
2.479784459673548547e-01
-1.127521251376681910e-01
1.205878719044093383e-01
-9.048568496849256348e-01
-7.868095468799103376e-01
-2.636117066393066644e-01
-4.595722563195656640e-01
8.749120487812320768e-01
-1.179773739792202569e-01
-4.107433251244005934e-01
-3.883710034840497372e-01
-4.253395396085046798e-01
-8.644472915522209977e-01
-7.442062223285452749e-01
-9.104835392959587104e-02
-9.752434336701949480e-01
6.814366055083320717e-01
5.875607427531814864e-01
-3.962422107378340552e-01
7.483255705331979257e-01
2.573537938467069797e-01
-5.381862792178073729e-01
-9.821828358371005319e-01
-3.760119180621310786e-01
-3.706655051462528494e-01
4.836467394551746679e-02
-2.741720646485870105e-01
-1.117285546314445988e-01
-5.763343868098527167e-01
-9.610692117198027518e-01
9.571111637191711541e-01
2.305792074301737937e-01
3.056225167943771304e-02
-6.239858550727372943e-01
-6.937018663859260137e-01
-5.964017897712192706e-02
4.854029349393358395e-01
1.920580447025768134e-01
-2.112092695776570661e-01
-9.442548916015403027e-01
7.026262290034974711e-01
-3.141474357816267382e-01
8.268178356515187843e-02
-5.919723411777113586e-01
-3.011739411760134821e-01
-2.768683414540018539e-01
6.376667451986550716e-02
9.974390288396590698e-01
-3.113489503041444451e-02
-6.877672031040187317e-01
7.159878631305822694e-01
3.048860938672861565e-01
-9.042604708514054845e-01
2.681843094172564612e-02
-8.572356544154344782e-01
4.070321538598624667e-01
-8.813799315062942341e-01
5.550711930345280098e-01
-6.933598561863263399e-02
-3.595198855821655215e-01
-8.361654128429063526e-01
3.863507793882610120e-01
-4.944937602573054036e-01
8.745028487985142540e-01
-4.825284170000856410e-01
8.576001013559080288e-01
-8.113451530034687664e-02
-9.387444724554891984e-01
6.827567679409436430e-01
7.469147727559894978e-01
-9.127369473868940375e-01
-3.006984489262953808e-01
-6.951427030337491431e-01
-9.024240537315859623e-01
4.548919337324051071e-01
-2.047955908077077058e-01
1.196695152655344874e-01
4.844936931528334156e-01
9.699820574256168282e-01
-9.981129606441305757e-01
-5.161332680661288030e-01
8.580564814371678395e-01
-4.661744662238145320e-01
8.957191169863292224e-01
3.697334858838374760e-01
-5.297852694208540214e-01
4.706284373156879308e-01
5.954998622985276935e-01
2.717486534037842905e-01
8.732743995274194759e-01
7.951031980437319735e-01
-7.887291517876482416e-03
-8.346497008122897299e-01
8.311403733377036307e-01
-5.365297954665229074e-01
-8.295410936601528284e-01
9.898165834526793105e-01
9.836225769203323921e-01
1.000000000000000000e+00
5.900979197330731285e-01
4.318290539917390980e-01
-5.561483275212881772e-01
-7.666768541148996086e-01
-6.529032178615670201e-01
3.900245586147325083e-01
-1.000000000000000000e+00
-9.900944309243693287e-01
-7.516708323895162636e-01
-3.528490070911727283e-01
-3.185122757361131818e-01
6.103992164904483708e-01
8.464146484150645300e-01
6.838766352003624593e-01
8.175919498249686335e-01
-4.152539497225520293e-01
5.892416879847981459e-01
8.063177198590887329e-01
-5.648165100532063221e-01
-1.130066085445635693e-03
1.509143421640568583e-02
7.984837105829494242e-01
-7.764954011519406007e-01
-7.430752868058387861e-03
6.664112845126948237e-01
-5.948770705658377178e-01
1.512008301363116924e-01
3.262125538425011406e-01
8.900241820379954927e-01
-6.120990796182264049e-01
-9.067038385995769278e-01
7.762885444113887257e-01
7.221310853407352237e-01
6.630430232611552732e-01
-6.908618038700662378e-01
7.938927851562684879e-01
8.956980252530000186e-01
6.541261311636292763e-01
8.562677064476502675e-01
-8.189593958603391677e-01
-5.527521693458112839e-01
3.057412186414421029e-01
-4.289305967037793099e-01
-8.679761166135240291e-01
-2.693136013188617284e-01
3.103369458438520745e-01
7.140421955485476424e-01
5.486334201995279880e-02
9.130767400989907578e-01
-2.319202804259483663e-01
-6.752528115636349249e-01
-1.150401463054548934e-01
5.893385447392944787e-01
-7.427684864709935830e-01
-1.000000000000000000e+00
7.175022798852630501e-01
-8.074472740043292518e-01
2.252491154597535683e-01
5.768069549318923794e-01
-8.121319433987488345e-01
-2.909969252997928191e-01
-4.695639593576328430e-02
1.552430623114031683e-01
4.522157158047959147e-01
1.122834421157647977e-02
3.446770055573208924e-02
9.332675080650960631e-01
1.000000000000000000e+00
-8.452886472788327943e-01
1.000000000000000000e+00
3.531221263470118998e-02
6.320411336172480077e-01
7.079280811054791123e-01
-9.881624182777601906e-01
7.418605489147980236e-01
7.598132471800156384e-01
6.419838822431604974e-01
-8.943915455753432830e-01
-4.517219975316806302e-01
-6.324753366622386519e-01
2.653916404485245906e-01
8.163664390004523597e-01
1.932189416089478140e-01
-5.142453371124151573e-01
5.157268220770307998e-01
-8.553084568960065415e-01
-3.104475245596736155e-01
6.844010269016365111e-01
-7.431845604141709138e-01
-6.571175932315567181e-01
1.284056100826616031e-01
3.912140384309314989e-01
-3.763570911232896332e-01
3.709456646879862873e-01
1.675493591598866683e-01
1.508662257971771226e-01
-1.008512282779203684e-01
3.271097679845791362e-02
-2.717090289659578328e-01
9.352697455415361905e-01
8.512129696063888140e-01
-3.420641521836227383e-01
7.513691501437176345e-01
6.610156888759515237e-01
2.545005342596524667e-01
-4.072196786062940443e-01
-5.893405470116444000e-01
-2.741900451671945849e-01
2.722057693085855323e-01
-6.744753837300363486e-01
2.190814562414402644e-01
-7.280665154067247347e-01
5.160857779356018415e-01
-7.831498233931784014e-01
2.051917772324263201e-01
-3.827648087509372132e-02
-1.521430198466866557e-02
-4.700454380688661171e-01
8.142204135670554344e-01
-3.640305843999325219e-04
8.592196134446512534e-01
-5.216216384201710632e-02
9.973351149101030710e-01
-5.310418671644723254e-02
2.558322207287693217e-01
-5.690947757674531537e-01
3.975899526093271685e-01
-6.298901072609242036e-02
7.029081614657288757e-01
-4.008738026544511612e-01
-9.009030543593652407e-01
9.945273404916383786e-01
-6.255743436165384086e-01
8.874630446135216566e-01
-4.301088081725541468e-01
2.557664601306195440e-01
1.534631015319598557e-01
5.154856112556573944e-01
-3.047488680904353320e-01
5.407649109983041491e-01
-1.859987570252261690e-01
5.057481118208559945e-01
-3.315811906728247660e-01
-6.137929437193532234e-01
-2.386699633305950918e-01
6.779473050014246382e-01
-9.457046663591730518e-01
-4.012304239023052332e-01
1.326267770586169181e-01
-5.596685518788202529e-02
1.431504197665018907e-01
8.425826115839198938e-01
-2.890682687258867567e-01
7.688551067529134642e-01
-2.762366947926664373e-01
7.495107982921893619e-01
8.268201054843675735e-01
-9.027236571845851376e-01
-9.228626496119494149e-01
7.474878780078746399e-01
7.671927026522908921e-01
-3.508856501256660820e-01
