-6.753494405990356775e-01
2.896866922941843114e-02
3.562740636833181540e-01
9.849832925930668281e-01
-6.437795493936373514e-01
-7.818820144382858661e-01
-3.021841145822594665e-01
4.666817779127916399e-01
1.673996749430917141e-02
7.152293317522762095e-01
-1.696591241516858251e-01
-6.948840069388542151e-01
-8.009160254905685061e-01
5.074129639205109399e-01
2.659099082988239937e-01
-2.607301714436984774e-01
6.916369144246814482e-01
-7.910331159796795131e-01
-3.224973462864555440e-01
-3.485403339379118393e-01
2.002393510729907344e-01
5.002630788417294916e-02
3.130172662205246148e-01
-9.614330557702379654e-01
7.444938921980166491e-01
8.835117989609237998e-01
5.869580746381730663e-01
1.301936394843586919e-01
-9.039733063098756016e-01
-9.240211630827479539e-01
-1.000000000000000000e+00
-8.904624764767778977e-01
-4.193803849446871013e-01
3.215043897857947641e-01
-7.391379061130207706e-01
5.140709734531361264e-01
7.892804966055035898e-01
4.383732937913755734e-01
-3.052049365341482634e-01
1.000000000000000000e+00
-6.119212390049795225e-01
1.000000000000000000e+00
1.000000000000000000e+00
7.041603645448337723e-01
-1.000000000000000000e+00
8.898089820220027590e-01
-8.299113036434397905e-01
-6.505696064965553749e-01
-2.018369822294747706e-01
-4.106727683439681531e-01
-9.995806971017959786e-01
-7.043484845009337914e-01
-5.261820937026046030e-01
8.344323853724349149e-01
-7.224961348990655008e-01
4.848411522688707009e-01
-8.861239517653174413e-01
-2.112677142610159819e-01
9.476792732556262866e-01
5.984922926925992925e-01
1.000000000000000000e+00
5.313215922392691137e-01
6.927449305078379194e-01
-4.982615355733770457e-01
9.882591607404747069e-01
-5.722368452202346578e-01
4.962559168916391705e-02
-7.037516284943075018e-01
-8.993809272659132326e-01
1.423321357660154440e-01
-9.384697220113280558e-01
7.592484244800739024e-01
5.805825488889033714e-01
6.005462931753284828e-01
-4.619487051859523241e-01
8.154890131091061534e-01
-9.227544078566423114e-01
-2.263633290242808016e-01
9.899823765444069057e-01
-2.486507291333359682e-01
-5.723832331656273364e-01
-9.420319528513205753e-01
-8.002818643732576565e-01
-9.474864065162194038e-01
-7.792934884946982610e-01
1.281995678530309934e-01
-2.485518491591787171e-01
-1.945458157321273696e-01
9.548093164699809066e-01
-1.658072891688000539e-01
-5.750774817256070204e-01
-2.209680153240034528e-02
5.839709007600681900e-01
4.639993724334100511e-01
9.575080513680183092e-01
5.205192673634924105e-01
-7.242366062030409779e-01
-1.741962967254062633e-01
-5.433289319990757260e-01
-5.734640888634334743e-01
-4.231923674552819925e-01
3.174572383732900960e-01
-7.231275899343077018e-01
8.951613659796864297e-01
1.161579866649558035e-01
5.439932588438693983e-01
-5.977006917780802731e-01
6.710757617188272128e-01
5.297729455438437984e-01
-8.168066445363919570e-02
-9.886533947658959764e-01
-9.024232593334731156e-01
-5.206757351369548648e-01
-4.951268919615514630e-01
-7.886280871000554971e-01
-1.932751405061765571e-01
8.585092303492913857e-02
2.463678275793654837e-01
8.849497941962829461e-01
-3.332636947997658083e-02
-5.388982404980593444e-01
-6.975004136960822887e-01
-6.860284719604596848e-01
-7.324168163995397052e-01
-7.079586278256844167e-02
-5.327641460474601409e-01
-1.000089512883550746e-02
-7.809633112011964418e-01
2.077582930956091423e-01
-8.146139506568861322e-01
-4.796911699938466445e-01
5.354799055775842920e-01
-9.303896194738501269e-01
8.841929094042653148e-01
-7.710094355205860950e-01
3.522332997098083229e-01
1.137610220281990436e-01
8.974646818613325472e-01
-3.540299679493141838e-02
7.037719534700954682e-01
8.004169859405965148e-01
3.150042331169449206e-01
3.776281557297260782e-01
3.500070673191930659e-01
-8.418667559908128428e-01
8.334260988934449887e-01
4.484517527871740850e-01
8.538364873591974824e-01
6.856077002081470972e-01
-8.709606113397749816e-01
-8.618492758972620127e-01
-3.550716590102742654e-01
-1.541466649224756402e-01
-3.681099692059413009e-01
-2.799726964198854251e-01
-9.237148826534657964e-01
2.632913711374085253e-02
-1.254708137280124980e-02
-1.445203028592900729e-02
7.103770732847425329e-01
-9.952733151972850134e-01
-1.731356951168043778e-01
1.602910334041280915e-01
-3.787707426402817656e-01
-2.500316912266300484e-01
-2.574499274557557893e-01
2.093724366343694410e-01
1.643111612750975947e-01
-4.147550648090083669e-01
-1.584286356584616584e-01
-4.240014355576195992e-01
7.905103801189883317e-01
8.576678410945912656e-01
-8.509740187696248626e-01
-3.293561418373560645e-01
-8.149843094036424151e-01
2.189984137470788461e-01
8.868833087041863017e-01
6.365389175119631204e-01
-8.061127866617168181e-02
-5.927740208115854781e-01
4.479823394650608304e-01
-6.839096913511526488e-01
2.088785115833609041e-01
3.112399588043053278e-01
-9.188924668719713473e-01
2.279865923570225661e-01
3.215215395380892627e-01
7.698859142774037156e-01
-5.129654074462479674e-01
1.000000000000000000e+00
-3.394723311986191927e-01
2.710578589889529599e-01
1.162323889679452993e-01
1.000000000000000000e+00
6.770311048389483499e-01
5.076309092922624000e-01
7.077258186930855677e-03
-5.070174999733174648e-01
-6.269003352798929729e-01
6.549444346035504516e-01
4.251194377406017910e-01
-4.240731193692404144e-01
6.837272841847585880e-02
5.329930542987075803e-01
-8.497391565391654300e-01
2.028030153297469551e-01
2.227496700061379897e-01
4.260960778965476869e-01
8.738694829042570333e-01
-8.799075224178987131e-01
9.840722529114693806e-01
1.612442603774424388e-01
8.802037459591707247e-01
-9.545093380461187049e-01
5.641840728231166668e-01
1.652171706032423693e-01
-9.762417213515122150e-01
-9.932186002464400421e-01
3.095313069172356268e-01
9.729930562096347213e-01
-4.722594949201819325e-02
-6.532260589574663268e-01
-2.726070227619621367e-01
-8.897106391497693334e-01
3.575837930548120269e-02
-2.890939338860258889e-01
-4.753547050990469813e-01
7.210625856410168844e-02
-7.839645514316990749e-01
-8.544046422334536928e-01
-7.369059995384279471e-01
6.935506948655760784e-01
4.401790156962088751e-01
-7.905257957897759979e-03
-4.058792009973191117e-01
-6.243084486648400322e-01
-2.700922826673983757e-01
4.506844187717304884e-01
2.229082898572656291e-01
-8.111739410401639372e-01
6.664564135175503612e-01
3.148393841576508922e-01
9.839432670307364237e-01
-8.513998325413985047e-01
-2.050862645079367663e-01
2.854692216470391397e-01
-5.832186128642335987e-03
-6.214982829233177686e-01
-9.949282019189147341e-01
-5.945215999515895966e-01
-2.220572587275153609e-01
2.718598522173800713e-01
-5.243869507477416647e-01
3.699259929564295835e-01
9.052850712918110165e-01
6.617703604334297385e-01
-6.719037137075110078e-01
5.761933676650254910e-01
5.274439601998930360e-01
-4.851475975749734992e-01
-2.468430674761137311e-01
-3.628227292210319810e-01
9.154169715920708050e-01
7.414742935593205964e-01
