-6.714095018422141514e-01
-7.171492313429093102e-01
-1.000000000000000000e+00
8.215674157985957127e-01
-8.864353264257918141e-02
-7.789130510203379210e-01
-3.145456711592533594e-01
4.348585129108268887e-01
-8.043242736908244872e-01
1.392940218055405133e-02
7.637729556683199306e-01
-6.785050836232153770e-01
-9.819606708229302594e-01
-1.000000000000000000e+00
9.302087556177671690e-01
2.023910084654427788e-01
4.156411553862491282e-01
4.818747314528089021e-01
1.400707943516572573e-01
-2.438804214256418135e-02
4.732106929192527733e-01
6.413584648356900342e-01
4.615170236401862081e-01
-9.001323494201618480e-01
-3.642817549285723988e-01
-1.162935102601427850e-01
-4.123194033118866564e-01
-5.591604507177772021e-03
-7.535417963153661081e-01
1.339217305131965574e-01
-8.818020951331595469e-01
6.345606766414100264e-01
7.117582094882559662e-01
7.316509437846054897e-01
-4.684850892072707218e-01
6.515380740855936104e-02
9.265024734353946023e-01
3.919753015647347016e-01
6.329806576217504865e-01
-6.048147316866310241e-01
-3.935664944574890356e-02
-2.010908999816773957e-02
4.040207735352945306e-01
-1.228378441169764024e-02
-5.888734108087678720e-02
-8.566675678835269370e-01
1.009414379883084578e-01
7.225879545992852648e-01
6.426743075354512946e-01
1.387426528993749297e-01
-9.453406587227579649e-01
2.019911005047947405e-02
5.131283947907241405e-01
-9.778881495217335296e-01
-8.321455093869518649e-01
-6.077823871940599698e-01
-6.952662065025916327e-01
6.817208471243250134e-01
4.100787920621946636e-01
3.605999094933820537e-02
9.394139179420830654e-01
7.336995774273800119e-01
-9.251849271348933090e-01
3.175986586918533305e-04
-6.231991765645521486e-01
5.975971126307375592e-01
-9.970768879404758867e-01
2.781986386753230178e-01
-8.425314262384757669e-01
8.323513008839591443e-01
2.029297638159017758e-01
-9.048669749757065617e-01
-3.744106573977836749e-01
-2.056872394654509772e-01
5.529609540242506061e-01
8.996099791853480188e-01
5.769464611770100948e-01
-1.262933577855127609e-01
2.224960624475549320e-01
9.374098644266457558e-01
-3.638620475502687412e-01
1.920515116780572296e-01
-9.228583337984359591e-01
-9.790841176312741201e-01
-8.441063392684799993e-03
9.913713608198226890e-01
4.855359028643824182e-02
-3.947807187648935123e-01
6.771908739049641301e-01
-4.583436218173688736e-01
7.107572750671879991e-01
2.185819580880850044e-01
-8.820253857202906556e-01
-1.677847102113978472e-01
-4.334263432882106137e-01
-4.027774934973487042e-01
5.650075860353727109e-01
-2.467632015797707190e-01
8.699087627288133451e-01
-6.722734571036010909e-01
7.015307917559339135e-01
7.405228331761692928e-01
-6.351222167051204792e-01
8.619338967278387109e-01
2.417995857861954256e-02
-9.733089812445758771e-01
6.883267059744406779e-01
2.829904064379327178e-01
-7.516154982160316855e-01
-2.687093417271391171e-01
3.289782412994715077e-01
-5.235871265550491316e-01
1.490055372103349374e-01
-9.178830044031360824e-01
1.384682239126646675e-01
6.918389476064992216e-01
-5.234258115704681913e-02
1.890164890861121272e-01
-6.496376944532045172e-02
-2.744094345815728531e-01
-1.144194948174068749e-01
6.360253724050395352e-01
-5.024254243653201168e-01
3.516030440944053481e-01
5.932660034418546502e-01
-8.694391999624007106e-01
-7.356486679337355117e-01
-1.419120854072648541e-01
7.420117194509319170e-01
-6.427425463511144965e-01
8.921933462377058532e-01
-5.274894376403318486e-01
4.566271819293779011e-01
6.916056663270933047e-01
4.135381936236557365e-01
1.858534982359496546e-01
5.307207122304993252e-01
-3.760816846228391963e-01
-4.807689257871405886e-02
-7.718567151967894446e-01
3.383273254281007336e-01
2.473483452933122884e-02
-2.865848984849046488e-01
9.265794078382898480e-01
-6.820663309653318684e-01
7.556316162933169878e-01
-8.958009830451674205e-02
2.560471885622770394e-01
-4.637425954568334951e-01
-6.501425997921894684e-02
-1.681802236223577385e-01
-4.689026801291431568e-01
-1.000000000000000000e+00
3.609410102344867699e-01
-9.453121641505719541e-01
7.729276482626867839e-02
-8.471344377694884908e-01
2.767621898950345383e-02
-2.397651089443872952e-01
-2.303634653466199445e-01
8.977197525634958986e-01
7.223663176105923345e-01
-6.491403761084457713e-02
3.950460656981160668e-01
-3.388199918827485835e-01
-6.365217320056995032e-01
1.000000000000000000e+00
-2.967663776631657147e-03
-5.960021939708457506e-01
-3.205460824014809695e-01
-6.867208941633013985e-01
3.937323848972590357e-01
5.505495548279748519e-01
3.487513907224155663e-01
-3.361408276193234013e-01
4.786198245983099842e-01
-6.931683885000103906e-01
-2.279690516615560103e-01
4.835516838715905319e-01
8.659266699320276039e-01
-5.030829985959810458e-01
7.901041808303927994e-01
5.666761121542724933e-01
-4.109819490034427591e-01
2.023810860386698884e-02
7.076113396054155569e-01
2.825470432202437099e-02
-7.747047255605628013e-01
9.350416454672310085e-01
3.559998491336813231e-02
5.416525211732106104e-01
-1.546511468120521648e-01
6.066707416427715716e-01
-2.418067465717745890e-01
-3.080506839120666918e-01
-6.218353766218149836e-01
2.564431497741570531e-01
-8.718055323083797603e-01
-7.749268140230709534e-01
-9.565027217226436118e-01
8.336033656247048285e-01
-3.544868740514568461e-01
1.456950869768374179e-01
-3.434629972211287186e-01
1.728119350121144482e-01
5.190325058978748629e-01
-3.121003493404439499e-01
1.127338975644927022e-01
-4.302588423638837867e-01
8.821082494314482769e-01
-9.123328654926501358e-01
6.847253555563357352e-01
4.887277963212708354e-01
6.889604366941657343e-01
4.337549749916678188e-01
-9.445949884622728554e-01
-5.659342420684410069e-01
-3.398526722436649994e-01
-9.105611469420171744e-02
6.811364416451763937e-01
-2.150977777029734472e-01
7.096959619864970925e-01
3.113915767270347690e-01
-1.222631093165942318e-01
-1.261545547781706134e-02
7.016809789604909753e-01
-1.649184236858933783e-01
-7.413575883502043773e-02
8.072232135336214753e-01
-4.996438312677973226e-01
3.297342442410273744e-01
-6.435270021708430210e-01
8.482986201099194101e-01
8.174278827961753979e-01
-7.217112663074329859e-01
2.878709539943558049e-01
6.108497194287965115e-03
6.332748901795164365e-01
-1.725330465430929827e-02
7.188127792248619752e-01
-9.581237645910949396e-01
5.071103678292663286e-01
9.759239572066602530e-01
-2.611492578158662869e-01
2.415646392075017079e-01
-6.989969196760954517e-01
-9.434462863260695276e-01
3.694744842012069874e-01
5.353617931183283218e-01
-9.642441081471133657e-01
-2.065997209246153155e-01
-4.398732325729790560e-01
9.318810076916632656e-01
-2.955910775940768787e-01
-2.534547499594452802e-01
5.477583134645844787e-01
-3.558045903793569664e-01
8.132205111573043155e-02
-9.641655460860620863e-02
-2.799897790596994618e-02
-4.379942271149368516e-01
1.260798031662435648e-01
7.023768717351563939e-01
5.192773730219251149e-01
-7.170276404241431312e-01
