6.388570879094161992e-01
6.875802164110969006e-01
-7.369808712246566085e-01
9.572886419080888221e-01
9.318829197362539229e-01
-2.356385446391957572e-01
-4.662564141931437867e-01
-3.271604211158301023e-01
-8.030100909261042030e-01
-5.711276727362135652e-02
-1.194322987278586545e-01
-6.752438420948434494e-01
2.084560410198399438e-01
2.960269011132132810e-02
9.592915040527087989e-01
1.253757158618855616e-01
-4.441567069159968462e-01
-3.456107424032777153e-01
2.306209302406398987e-01
7.994389572688112011e-01
-5.094061421295963399e-01
-1.710713206749716608e-01
-3.542159728560869691e-01
1.778880945342942166e-01
-9.512886471349177864e-01
7.674975283088740774e-01
6.040278866173640626e-01
-8.638608995785304057e-01
1.800814843806857191e-01
-1.688138136734873562e-02
6.783242852217197250e-01
4.237529477611199358e-01
5.143561373811675885e-01
4.658940311211594576e-01
7.774186313412627669e-01
9.323155791240138601e-01
-1.668233226011046622e-01
-2.638648465224322504e-01
2.055335224374497116e-01
-2.899595804622578932e-02
-5.080101529164771090e-01
-2.175707127592374501e-01
-4.503050252882059290e-01
1.839142515906802000e-01
3.703554982190733202e-01
3.013133189368923937e-01
6.430306122235545097e-01
-9.911041852208222203e-01
-4.256901007707400986e-01
2.067496824624814877e-02
-7.407022395039568607e-01
-1.000000000000000000e+00
-1.306304552404324859e-01
1.280753238215692758e-01
5.751330142576687177e-01
-9.640169485553637951e-01
3.158685876794289360e-01
-4.585420387124738983e-01
4.893355664049623410e-01
-4.112681843964072215e-01
-2.993246035820302797e-01
7.042387893570845048e-01
8.907211598476170167e-01
-1.194832532160685634e-01
6.654348214843825993e-01
-3.347152310105592221e-01
-6.007374975758892344e-01
-6.243998418937954931e-01
-2.630070847806904588e-01
9.141848258827958151e-01
7.904236102563606536e-01
-4.575545517216175195e-01
-7.933349032096070896e-01
-3.697392683456323104e-01
-9.001457308859803774e-01
9.669059844856393582e-01
6.290646656349019317e-01
-5.619841600639898793e-01
-9.532496807729808896e-01
3.436670899401423895e-01
-6.297241073563715208e-01
7.050634955343559884e-01
-9.893848462953216405e-01
-8.565330307614527072e-02
-4.315699776212467142e-02
-8.090202485774395935e-01
8.637402393608295537e-01
-1.301800728909359162e-01
9.614877215437176439e-01
9.595469841180932491e-01
-4.505822479582377582e-02
5.592310238640594289e-01
-3.992105852017959755e-01
-4.715476899439297043e-01
4.686295174284231813e-01
6.456133792614080491e-01
2.408537645209545275e-01
-3.679465443615597131e-01
9.924073259266261715e-01
-2.350680457171754334e-01
-9.443614587166595520e-01
-7.032865666945020688e-01
-3.599685108506691655e-01
-5.492876058589828414e-01
-7.321636298488674033e-01
-1.304187527914755229e-01
-4.987592557078637245e-01
1.000000000000000000e+00
9.610338438056853505e-02
-5.403174241933195177e-02
3.320972778924020652e-01
7.086506969484818175e-01
1.591966394037045429e-01
1.113836019323246607e-01
4.040010309759773932e-01
4.686145776625041393e-01
-9.375527721905994039e-01
-7.272860865218060411e-01
4.812221911311647116e-01
-1.475667559313009747e-01
2.357727328707601711e-01
2.226444122551511917e-01
-9.189823665512031337e-01
9.153990375746485775e-01
5.390137158454495481e-01
-3.753074612356606110e-01
7.556957944991891107e-01
-2.390778330794787188e-01
1.000000000000000000e+00
1.305540429908305100e-01
-3.216445742774731720e-02
-9.726315751350551597e-01
-9.234777778488125755e-01
-1.224626023181005774e-01
5.862085149303516429e-01
-4.973194224549452036e-01
-8.056469349223969179e-01
-5.169318189060252422e-01
-5.067232954402092204e-01
8.044332332448469458e-01
-1.835274516574094683e-01
1.788925461792234550e-02
-1.115298323942570669e-01
-2.728248755942075388e-01
1.000000000000000000e+00
-6.871002888520250096e-02
3.821996750171126056e-01
3.324496578760882670e-03
-7.217477662044768927e-02
-2.507351756432821821e-01
-7.585390517757415463e-01
1.278389784650224570e-02
-5.757353104782048092e-02
2.336248469975994446e-01
-8.738116499555153016e-01
3.482177475422603141e-01
7.278677308054166684e-01
-7.912441082295786909e-01
-7.744790235765992570e-01
8.426177241012315910e-01
-7.838140144239928997e-01
-5.754224768481805974e-01
-4.365013033746278914e-01
1.046087475318662197e-01
9.357307980659383961e-01
-9.421640187639011010e-01
-7.666684116132085336e-01
2.553396574148767417e-01
-2.096569043098981400e-01
9.908200260983164309e-01
6.851916134476885301e-01
1.824247671612182486e-01
5.063701640754301181e-01
-9.532343853200531125e-01
-5.601978118992965161e-01
-6.034700900861227346e-01
6.299771967851364174e-01
-2.384714203620985629e-01
-9.853102270815197183e-01
2.248551327722316806e-01
4.227288806133304710e-01
-3.683362502788734005e-01
9.564909865505091258e-01
5.315170422676771533e-01
-9.481906026889772576e-01
-1.292754704486791528e-01
-5.220022370230281705e-01
6.885714934482782823e-01
6.152705702886376304e-01
3.252860296917272631e-01
7.964494571029860914e-01
7.820923638739829542e-02
-5.071593467770869612e-01
-5.594259308974769418e-01
-2.021268630404282618e-02
-5.392916261019349289e-01
-9.798950342583374606e-01
2.846396528126746706e-01
-8.721013497213991883e-03
1.930191192136410105e-01
-2.345143072676114659e-01
-3.826216932930135428e-01
-6.749691042854624179e-01
-2.505431323330695736e-01
-1.696230602608861382e-02
2.270956388708216256e-01
-7.898326695923956198e-01
3.515401047965669434e-01
9.495627724054425123e-01
8.654594184688511049e-01
5.432352747680673222e-01
-2.254552360791679533e-01
1.000000000000000000e+00
6.195002706251251379e-01
-6.338392648083035485e-01
-5.562210326863363807e-01
-1.000000000000000000e+00
-1.000000000000000000e+00
7.773802532478188976e-01
1.843356544774690242e-01
9.875903401711836338e-01
6.362679165971647510e-01
3.166075968424815201e-01
-2.630610724166804193e-01
9.000355388720857608e-01
4.293313569388925721e-01
-2.551209198682125034e-02
-6.872030393274632942e-01
-1.555629869682999544e-01
6.618093353460512418e-01
2.876883122857505359e-01
2.999971618854434530e-01
-4.966396476873822241e-01
6.558980392799900194e-01
-4.379004905786589852e-01
-5.528331057304565199e-01
6.880009876850037287e-01
-8.706023108127798338e-01
3.911245901053832519e-01
4.753378446697729132e-01
1.346131861900170534e-01
6.775038255584380220e-01
-7.858553568285489010e-01
4.980909513626321505e-01
2.669789089305920626e-01
-4.893726660512236482e-01
7.191735103760044101e-01
1.000000000000000000e+00
6.369513295396340702e-01
3.304480102355467075e-01
9.930959503545513378e-01
-9.087970330118799733e-01
-6.570483401141837820e-01
9.029198651235064155e-01
7.807593625849373886e-01
-7.961248937259108871e-01
4.780905653991949222e-01
6.811002394660365944e-01
4.703589797000080619e-01
-9.699957282841018547e-01
-2.074213556445294593e-01
9.870248319277528104e-01
-1.555085590976900689e-01
1.209287952850925940e-01
5.087302430094102768e-01
