-6.656416287050912484e-01
-4.175335595188722770e-02
2.279016444797299368e-01
-5.164160093966665421e-01
7.942241718372926307e-02
6.803387174169561735e-01
3.376672342681752426e-02
5.132482371936042398e-01
-1.000000000000000000e+00
6.712998191110730595e-02
9.474746726045985001e-01
-5.998162488711749063e-01
-2.305520108238585664e-01
5.008584087940328722e-01
6.617956020318838117e-01
4.030650079928936869e-01
5.858336187846338028e-01
-4.888151164973231211e-02
4.130237057372332377e-02
-9.741960431487282079e-01
6.485369166983385725e-01
-8.153841831200090429e-01
-5.760011540926253115e-01
-8.215694837796432282e-01
1.000000000000000000e+00
6.614961510417742829e-01
4.478178800769136991e-01
-7.080123853699207270e-01
3.325340234758897839e-01
-7.153491862095915366e-01
8.439874264756879185e-01
1.403239369596587238e-01
2.751299209296813597e-01
7.874402508837843873e-02
5.696908762052346198e-01
1.787601348832918990e-01
-5.466655888464662105e-01
-8.773245495741870403e-01
2.441058615095328399e-01
9.013272332300268364e-01
-5.715751777409239232e-02
-2.450114325074352895e-01
-5.099499881031583914e-01
3.446286196939723490e-01
-8.524762691264073933e-01
1.767052013553032097e-01
-7.445628890665512145e-01
-1.000000000000000000e+00
9.242451572631806833e-01
-7.531394913291716842e-01
2.801622006306179191e-01
3.964017665945211988e-01
-3.893521384586584588e-01
4.340241014123922270e-01
9.868436388451597985e-01
-9.933604376663005553e-01
2.321312503934347404e-01
3.934413930573634754e-01
-7.070967788614190841e-01
9.505910389315226361e-01
-3.719272083924072270e-01
-1.000000000000000000e+00
6.829334533042223931e-01
8.056438414687450145e-02
7.450666350510499747e-01
3.688700957106632039e-01
3.981794992052519744e-01
-1.000000000000000000e+00
-1.000000000000000000e+00
1.325690743226124457e-01
-4.957949625036197627e-01
4.858643122212349397e-01
3.412888413185872771e-01
-7.913767355120715496e-01
7.820047068685611613e-01
3.552789337132005176e-01
2.483354023224624285e-01
7.168881314621378120e-01
7.329847093330106311e-01
-4.419155761953263983e-02
7.807258849456204519e-01
-2.808808041890533680e-01
6.794078829156724453e-02
9.438799356654925532e-01
-9.992535306982475163e-01
-8.607657719871095736e-01
2.108000426571177144e-02
-2.251841544839865428e-01
-9.882589604955489548e-01
2.719659930239033407e-01
9.775273830316029144e-01
-3.306142297234297978e-01
-1.663272058197127201e-01
5.791931876766542864e-01
3.825881885836179830e-01
3.672759261477673842e-01
-7.486209749061962793e-01
-1.903782528527092621e-02
-6.729135285132217259e-01
-9.640448857773455948e-01
-1.414474509369971766e-01
-3.291711800984076230e-02
1.861946402830558789e-01
-6.028555312829524393e-01
-4.987705223839005164e-01
8.532820312922673178e-01
9.551595688249006066e-01
4.497390909065142051e-01
7.763287032035317559e-01
-6.056215991986730884e-01
4.217223816251878254e-01
-6.138306023194817218e-01
-9.246131677782820635e-01
-7.993546526867585378e-01
9.997586235492712525e-01
-7.235039033553669618e-01
4.171657541361726285e-01
-2.902011506062838198e-01
4.219295644352716312e-01
1.352740656837463362e-01
6.335128513282788365e-01
-3.084336168660040123e-01
-2.968405808985663530e-01
8.909898197227168470e-01
-3.351739512073659277e-01
1.000000000000000000e+00
5.461428067383944374e-01
-7.683412936823872386e-01
6.861022555371052434e-01
1.000000000000000000e+00
3.294705286015919832e-01
-6.606751177374474704e-01
6.286155437773219834e-01
7.698442904726805480e-01
-9.668046584190321813e-01
-7.140489790213881971e-01
-8.357099096872886435e-01
4.642408217359403899e-01
-3.231543266716268015e-01
-3.514737896464299460e-01
-2.305479493407252001e-01
8.458048348309366027e-01
6.156748084258425457e-01
8.275242060447469683e-01
-3.368717390299225123e-02
5.973108123983101869e-01
8.126718629705727004e-01
-4.635044853249310481e-01
3.157344436400053578e-01
-5.058611156054682034e-02
-6.928907256018934646e-02
3.120644297018637658e-01
2.179388656047109851e-02
-5.099488571935795189e-01
-5.810988482979284608e-01
-2.359568171728976260e-02
-6.040423277233679666e-01
2.715178607955361922e-01
1.913717149469793544e-01
7.972796352386810614e-01
2.474709287481768882e-01
-9.041385685316967180e-01
5.061033293262291455e-01
8.898258449917828550e-01
1.502810080934489090e-01
-4.731326175938015410e-01
-5.889984083296309070e-01
6.049016597967882269e-02
-4.540801019717199960e-01
-1.000000000000000000e+00
1.030108713409934595e-01
9.534145984986763800e-01
7.292777486570733991e-02
8.126873510113516996e-01
-5.076146392101823501e-01
4.530372845693610984e-01
9.741559010244755790e-01
-8.877447226948196324e-01
4.539649531579359465e-02
-6.703639622375443530e-01
1.222326686530865736e-01
7.720094153785237445e-01
1.372114057316853319e-03
-9.563118092629818712e-02
4.118779302322546076e-01
-9.132212629503777546e-01
5.265697848808696957e-01
-1.000000000000000000e+00
6.402252301536326407e-02
-8.774617208389638989e-01
-1.815834726264091703e-01
3.690779508123684938e-01
-8.422239007482361650e-01
-8.527771072986300993e-03
1.000000000000000000e+00
-4.229266333783925358e-01
8.258141790707034247e-01
-9.948331547134752206e-01
7.512302411256757129e-01
4.665900888984686468e-02
-5.731370111128442080e-01
-7.090924371526134973e-01
1.541064713214281845e-01
1.584710792742782814e-01
9.309334274677596444e-01
-1.000000000000000000e+00
-3.009597374949335435e-01
-9.514592173600557867e-01
7.025442767082896722e-01
6.546530956284444258e-01
-5.162658699126450035e-01
3.523313211487844043e-02
2.773814438881319067e-01
-3.147753658136640542e-01
-1.793088221385550352e-01
4.469549909497001483e-01
9.475433666553700895e-01
1.584561258420755792e-01
1.000000000000000000e+00
6.465245828300203446e-01
-3.091894590610854698e-01
-9.314722132256685327e-01
-4.646404049498558120e-01
4.909236241131553768e-01
-2.224287567938860732e-01
9.748202704802526597e-01
9.708358252680182598e-01
-6.348203759062884810e-01
-2.122263678867701842e-01
-6.570625002844561191e-01
7.148014762701415670e-02
2.857584949525568963e-01
-9.162393397548180829e-01
6.817902716229706783e-01
-1.000000000000000000e+00
-5.823724048549629995e-01
-5.088770059490950182e-01
9.097778014205255559e-01
7.752059677331865073e-01
-6.132439372679947542e-01
8.123728823234619423e-01
1.000000000000000000e+00
2.800432835195080239e-01
-1.000000000000000000e+00
3.906215343094061598e-01
-6.431408289717306381e-01
2.090924386596983986e-01
3.802335902518261257e-01
-2.834991361908281715e-02
-5.865167021581261242e-01
8.280679041151701725e-01
-8.833237705019039154e-01
-1.892478295405797262e-01
1.242154581009511372e-01
-7.752972535986331071e-01
-2.576819901269638002e-01
-9.264257718362793881e-01
5.308628699140245377e-01
2.634734072064215393e-01
6.979896345703929805e-01
7.168076156417277911e-01
3.613101835049063459e-01
-3.892869822185351936e-01
1.328339759115322316e-01
-9.369829678940461148e-02
