-9.737205713141352525e-01
-8.465816691984873188e-04
-2.246940542262059193e-01
1.142680620832485783e-01
-7.180963180300652393e-01
6.636797595968240149e-01
-9.651245926348643867e-01
-1.000000000000000000e+00
-5.791798865649935291e-01
1.993021927130778082e-01
8.151594794205145877e-01
-6.062001901728746311e-01
-7.570772847693447716e-01
-6.477131072205435380e-01
-3.267148071138454846e-01
-9.399838927632286900e-01
2.307116704063838508e-01
-8.636535197036376843e-02
5.450501918122419021e-02
-1.703357152450695189e-01
-2.126432226689733973e-01
-5.881663846059204115e-01
-8.675027222671172211e-01
-5.141741555371909245e-01
-9.809066543851236997e-01
4.694625218696355518e-01
8.765825795271480203e-01
7.549902741109404403e-02
-1.000000000000000000e+00
-9.033491510509605860e-01
1.000000000000000000e+00
-8.730227367924803250e-01
-3.929137876080688319e-01
-3.372848761288613773e-01
-5.618096649727646330e-01
-4.925437960198029153e-01
-4.974905342916975393e-01
-8.596950635036468835e-01
3.551040167200392172e-01
-7.332965035467746695e-01
-5.447573422592870696e-01
-8.578762114528082350e-01
7.113943620270890555e-02
7.451169052763055856e-01
-7.203862352186374274e-01
8.643912017348747145e-01
7.514183051379282885e-01
1.000000000000000000e+00
9.887162700375184965e-01
5.294656964630082285e-01
2.861068870261145314e-01
7.245525865563446910e-01
7.664453963505062362e-01
2.607041877050404466e-01
4.292189889543156500e-01
4.123773518308133657e-01
6.531198936185209636e-01
1.000000000000000000e+00
1.647762271100892129e-01
-5.518881527773498163e-01
3.699045088932040315e-02
-3.460231944324383413e-01
9.375569376212686823e-01
-6.294788250300518140e-01
3.882453102569813908e-01
-5.857522567491961762e-01
-3.888495208221611765e-01
-1.131851671631340928e-01
7.398090554119265416e-01
-3.984354181427085528e-02
-8.110227503293387930e-01
7.551620090891069115e-01
3.343255787148025071e-02
-5.177216808005646875e-01
8.271067612176301598e-01
-6.362648762082228071e-01
8.292142318287618608e-01
-7.633594399059386859e-01
-7.639781234113849351e-01
-7.333391331847249894e-01
3.485624691830890853e-01
9.996750352032195419e-01
-4.178098406486026040e-01
-8.615222076985018518e-02
9.935859903936732351e-01
8.191139663569126927e-01
7.922301274868575049e-01
-5.593946614651206239e-01
-6.482862009002449133e-01
-4.330445644765918978e-01
-5.906119748326765784e-01
7.953099247371808733e-01
-1.287360384009230696e-01
2.284401181337980535e-01
-8.611510718374049134e-02
-9.377198057947251364e-01
4.895475298683458210e-01
-6.598583745004149570e-02
-4.230833891153173987e-01
6.062848740217012811e-01
4.282152590666872261e-01
1.804851374756086813e-01
8.387707097201004824e-01
-4.268479858314031539e-01
7.054303236009746847e-01
4.243926466518896934e-01
9.811230367414500719e-01
7.802551231398699993e-01
8.812012413767060792e-01
-1.716502204379430907e-01
-8.269928186559749594e-01
8.284500553925668864e-01
-1.000000000000000000e+00
7.926450869194012760e-01
3.765414001192919358e-01
1.387953599222664369e-01
-7.615339316912028700e-02
2.062491256484544344e-02
7.916515292406911541e-02
9.183017675063398499e-02
7.219295687031517250e-01
8.163302868108179844e-01
8.535581779705918581e-01
-3.245292903955083741e-01
-1.175545885556348313e-01
-2.018861679430503653e-01
-5.933746544568013759e-01
4.609431480686958515e-01
1.758397161450107049e-01
-7.763674033732530511e-01
9.648942076359519060e-01
6.976829466591532025e-01
-9.235971164157508184e-01
8.854528797755127911e-01
6.788525743071767149e-01
-1.000000000000000000e+00
-7.130501719254507265e-01
-5.047013851155113251e-02
4.573598213822791525e-01
-9.806129551594011673e-02
-1.325355615955163824e-01
9.819353224107303379e-01
-2.216627876713677114e-01
2.336752734534963682e-01
7.390261528274566505e-01
8.991561979456301756e-01
-6.835802822219336772e-01
-1.250972552799416437e-01
9.079752131213765232e-01
-9.310588671055028964e-01
1.560334395411890895e-01
3.729879544774172828e-01
-7.267596376865534946e-01
3.606692107573126194e-01
2.370157054796426799e-01
4.870892533951565184e-02
-4.223190758186408100e-01
-9.908125636157345539e-01
-2.389985257340376812e-01
-1.683073559329295588e-01
2.464243947657942524e-01
5.363244000529552302e-01
-6.423943677153947096e-01
-3.098563963249807429e-01
4.347215878183401383e-01
-9.630389461181443345e-02
-1.000000000000000000e+00
9.990754684715035250e-01
-3.948686263388023754e-02
-1.229308423862718325e-01
-1.994012679235042107e-01
-9.639514459038756033e-01
-5.433388104080878467e-01
2.317831697620078013e-01
7.980586803242948335e-01
4.040666146938338699e-01
5.480174041575667232e-01
3.065558945472592889e-01
-5.667422780823880846e-01
-5.822850673630459717e-01
-2.120980391409106325e-01
-5.525950752842456737e-02
-8.312048854231666173e-01
1.096439082555105138e-01
-4.129632457842074000e-01
-1.892879912858689284e-01
2.011085356490107667e-01
-1.257992692782943234e-01
-5.160847446506637848e-01
-8.634297360378855313e-01
-2.387930602261612023e-02
8.586559220075391519e-01
-5.603593117472582819e-02
-5.232438802205807704e-03
-7.903584981154643252e-02
-1.594991327563330952e-01
5.638316490277019977e-01
-4.824998944473128937e-01
7.469129848069564481e-01
6.025075308271854446e-02
2.647143829238070012e-01
4.466467365822628377e-01
8.729994940895258182e-01
-7.878717046818246583e-01
3.318172725852872595e-01
-6.846277450476097037e-01
-9.291880693415355275e-02
-6.857716026905369411e-01
-8.659735529972796275e-01
-9.713753400175941799e-01
1.747351335174223141e-01
2.377226032756210028e-01
6.384917818708357728e-01
7.645249084309919674e-01
-7.315994148522531049e-02
8.853661774385177541e-01
-4.451408017856581800e-01
-2.806651853491892723e-01
8.593395364203504361e-01
-3.899964977649439390e-05
-6.965446463170685831e-01
6.609143811326232409e-01
-3.741521424406539786e-01
1.763888176556038800e-02
-9.961727751321489688e-01
-9.625175051981997854e-01
-6.571437594808930971e-01
4.700579878267312495e-01
1.534593497687557484e-01
7.628702759723482441e-01
-5.731881510113185918e-01
7.916080386790593781e-01
1.019300771123593519e-02
5.576340121028284802e-01
3.778836085125920619e-01
-5.298376397050674758e-01
5.007515034634362205e-01
8.586335273825786985e-01
5.101563210383686098e-03
-3.261691125781354117e-01
7.830191902547256610e-02
-5.091362239360783803e-01
-2.834695323549636381e-01
5.465277797589145337e-01
5.083874936016561374e-01
7.178040023189673491e-01
9.564357141656374406e-01
-4.816412639199851853e-02
-7.372053048160982502e-01
-7.074690786133457365e-01
5.688149350851283703e-01
3.578407846638711476e-01
1.000000000000000000e+00
6.006896694864281017e-01
5.033241014097766808e-01
3.260885476971073782e-01
-3.190288797509488461e-03
9.457600711837799157e-01
9.916756594227049693e-01
-6.667531122745664618e-01
-1.686834242751766855e-01
7.091974811991945682e-01
7.935485749476145489e-01
-2.078873820643554193e-01
-6.894941221255317387e-01
