8.536441674062782425e-01
-6.116033758555989852e-01
-4.980082122506341857e-01
-8.394432602701414892e-01
-6.895985363854548744e-01
-6.451721078614769400e-01
-9.628175581668493299e-01
-1.739684778561900735e-01
3.996563957449699167e-01
8.884002428993862388e-01
8.853126156172399508e-01
-9.075373500751977573e-01
-1.466620235369255898e-01
-5.897156647214172320e-01
9.912586897789565921e-01
-1.000000000000000000e+00
1.000000000000000000e+00
-1.103560400687688681e-01
8.857348633430548457e-01
1.135181742457667120e-01
5.289944035401199507e-01
1.000000000000000000e+00
-4.630392907831522020e-01
-9.395175806082356473e-01
1.000000000000000000e+00
-2.731316157595542471e-02
-1.000000000000000000e+00
5.388228727310557797e-01
9.470638960221566816e-01
5.214834497488600729e-01
3.925491187994576414e-01
-5.553120952756296358e-02
2.082170453079459360e-01
5.775743471522389871e-01
-1.000000000000000000e+00
7.837408056453136762e-01
5.588921969616654772e-01
9.155949929769953144e-01
-6.719548231938758942e-01
-4.289642421265349448e-02
-1.326074006670814320e-01
1.565465329304753794e-01
2.654084810117378623e-01
6.073625168733773894e-01
-4.224496715449985729e-01
-7.904727489721914413e-01
1.424582312937316964e-01
9.008420235745044913e-01
-6.327207356833002283e-01
3.276890343124803096e-01
-6.329513074161428055e-01
-1.000000000000000000e+00
2.428664508569196023e-01
4.870866479661366544e-01
-4.457057852813288701e-01
1.000000000000000000e+00
-8.989110826190331860e-01
7.677129253690877508e-01
6.903230700326092872e-01
-6.357131284010897332e-02
-4.083781560767716368e-01
2.444935289048726368e-01
1.669099819998498546e-02
4.378587918701561943e-01
7.243339890682456428e-01
3.038470322304718807e-01
4.556057963570345759e-01
-4.215881545976205569e-01
7.460020595224938766e-01
4.898108458906389462e-01
-7.242042765524108194e-01
-6.461933132051544959e-01
8.204193816752063384e-01
-8.090246146488699885e-01
-1.674674168919856321e-01
2.308812590374569318e-01
-9.335427197751984263e-01
4.306524132435041174e-01
-7.665185533890845893e-01
-8.613289733916296154e-01
-6.265731646929346699e-01
-4.070375394389253998e-01
-8.063550030521811074e-01
-1.000000000000000000e+00
-9.672352844814919859e-01
-7.755520583816244429e-01
3.729374429476959296e-01
7.986799878310524292e-03
-1.008998805125231879e-01
-3.026791937004442712e-01
-3.427460635778243336e-01
6.756340749764860876e-01
-9.813284500353297579e-01
-5.636527503369910264e-01
7.471611624789520345e-01
-1.048403641641462158e-01
-1.826600890610931005e-01
4.139306517024115006e-01
1.000000000000000000e+00
-4.836246018003280689e-01
3.885253050158112842e-01
4.939117041548752307e-01
3.452479461826931662e-01
-6.450989258154464778e-01
4.501104037162005356e-01
-9.537330960014243075e-01
9.219439496851962179e-01
8.438655783750246275e-01
-1.189014531715555378e-01
-2.084021962950919349e-01
5.297702448115242380e-01
-6.648798640170323626e-01
-8.101994007848478674e-01
3.974763322011918287e-01
-8.182194122052306451e-01
1.000000000000000000e+00
2.871282933611853938e-01
8.692570929245770905e-01
-3.392687821986055674e-01
-6.055142604350360891e-02
1.000000000000000000e+00
6.459644405831852509e-01
1.973885584569202642e-02
-2.190777572056186173e-01
-2.048099565843419789e-01
-5.275212225300911495e-01
-7.701202133719464715e-01
-5.810126610794025259e-01
-1.615588092652286978e-01
7.314785881821930236e-01
-3.803545302009818663e-01
-1.687035481673349047e-01
2.716191601725868043e-01
-5.251275097799010805e-01
-5.207477870048047297e-01
8.538272093237633253e-01
3.010986441247254231e-01
-1.055058808600892739e-01
6.748307073718950999e-01
-8.143148575608161188e-02
-9.773116519290558912e-01
-4.219607548795751839e-01
3.483809702056239743e-01
-9.720662358901388522e-02
-3.147803816104801644e-01
2.739577556483665521e-01
-5.341305187309264291e-01
7.043765384793045925e-01
6.471322580646643452e-01
-1.000000000000000000e+00
9.530480300202330834e-01
3.325327326383291648e-01
1.000000000000000000e+00
1.369204083060087118e-01
-8.948549749491896410e-01
-2.642599276172008516e-01
-9.873837926714505997e-01
-1.000000000000000000e+00
7.526237246253550950e-01
-4.681054951951653109e-01
8.396008702859205641e-01
1.775359744974239762e-01
8.891613423635691404e-01
8.820598107193440285e-01
1.398925963850946030e-01
5.154906648629076216e-02
2.585180691776958195e-01
8.124646718055705819e-02
4.419288832552580870e-01
-1.892334200276424294e-01
9.526708640344838663e-02
-4.040563711254474555e-01
1.662424101104429397e-01
9.418749283456706589e-01
4.368677183485665250e-01
-9.798161918811754134e-02
-8.360878395043753741e-01
4.082939329137347251e-01
-1.482595944128013432e-01
1.774891438529053733e-01
3.924684374350349003e-01
2.845232754145918808e-01
-1.176836612734825094e-01
-7.430552779101819993e-01
5.019028505497751258e-01
3.911777775312508254e-02
6.995841024271967079e-01
4.515189154756460432e-01
5.187883413550226086e-02
-4.692182395023922759e-01
-3.669581276901601186e-01
-9.576273017489367323e-01
-1.853781712636406453e-01
8.731437818663760897e-01
-9.682812992662137574e-02
-4.187279874193672313e-01
1.758093947610732677e-01
-4.100421471314537047e-01
-1.000000000000000000e+00
-3.527464417559390553e-01
3.624995320668489285e-02
-5.445069949356584615e-01
-9.782104819871584311e-02
-1.705408327568038729e-01
-1.000000000000000000e+00
-6.941318212679199462e-01
5.572855093176052321e-01
-6.646682268039736385e-01
8.754466239599052457e-01
1.149572409409693741e-01
-7.603794959080696358e-01
4.601451535990046526e-01
3.848595098320755081e-01
9.400316253309135561e-01
5.449973991361206638e-01
-2.912917770975362863e-01
1.000000000000000000e+00
7.332660162533424231e-01
-7.296414022562871526e-01
-6.704050941956549714e-01
3.529203672726273777e-01
-7.667002773873532462e-01
-8.858175625925683860e-01
1.000000000000000000e+00
-1.745257397929607102e-01
-1.000000000000000000e+00
7.501551736778839796e-01
-7.512671164799167300e-01
3.451103949902939450e-01
4.196516824291622871e-01
7.352214969422192770e-01
-3.024976846203837333e-01
-7.453448631775203559e-01
-2.367251449703222654e-02
-4.654385270108902795e-01
-9.023973804241760543e-01
-8.682712629406696969e-01
2.383943794310776632e-01
3.154929889532265275e-01
9.989668600127832310e-01
-2.284586118797511389e-01
-2.038281031281534705e-01
-1.000000000000000000e+00
3.220487664493613678e-01
-5.856072509743459609e-01
-6.278572336169745416e-01
7.895956855970829302e-01
5.145451904659407993e-02
1.000000000000000000e+00
-5.993825933455150246e-01
-7.385271154728416665e-01
6.748737214201028234e-01
3.722801293825750424e-01
-8.654741770121676669e-01
-6.704086975609258037e-01
1.000000000000000000e+00
1.462838413506810653e-01
-7.032345224191702826e-01
4.408435331868176821e-01
-5.100516598069784191e-01
1.336449133366872655e-01
5.929366803140037057e-01
-2.222718080187335854e-01
-9.522898083125952429e-01
3.991306305352559924e-02
