-8.095190074238274303e-01
9.536600977520262035e-01
-7.539093173787649871e-01
2.398676580759917520e-01
-5.435969021428290748e-01
-8.483251622735237252e-01
-5.490330648413392911e-01
9.520279034986756095e-01
-6.452958331207625520e-02
7.616344062109630109e-01
-7.057332897643053826e-02
-8.861277719920785945e-01
-5.447576082489922200e-01
5.237533503074873753e-01
4.671049143699912420e-01
8.700416118762679396e-01
2.722695922096034504e-01
9.367638387138101930e-01
3.329003752008193873e-01
9.543502771282645902e-01
8.409666905130470660e-01
9.876865572148647576e-01
3.501463305389860281e-01
4.488264133752402074e-01
-1.810898336293747246e-01
5.278246712100600480e-01
3.270012664470034469e-01
1.000000000000000000e+00
8.130504032002869863e-01
-5.898257284143622048e-01
6.543649384682999059e-01
8.350433992109143055e-01
6.049896959811500441e-01
1.801982068281313687e-01
1.915180331566257443e-01
4.760583806478114743e-01
-8.981851605729855859e-01
9.836597290315263198e-02
4.652031097659770076e-01
5.211647158984373807e-01
-8.633380908423922140e-01
-8.054424543558966754e-01
5.617679463882847557e-01
-5.850617216994120628e-01
2.009146155047042970e-01
-6.756986966658056204e-01
1.000000000000000000e+00
7.428338096275344249e-02
-4.478526003852609794e-01
5.310965982649089590e-01
-3.329761827224861914e-01
1.000000000000000000e+00
-1.000000000000000000e+00
-4.915787983924568838e-01
2.932535698560700954e-01
7.171371083288009540e-01
3.146869983597366804e-02
4.658253596575938627e-01
9.256467676479385176e-01
-4.100523840518284224e-01
-1.000000000000000000e+00
-5.852964706349670365e-01
-4.616044425608456514e-01
6.383437150472823784e-01
6.918993720687860449e-01
-7.658197361616467802e-01
-7.942341598539348624e-01
-3.206098988671952643e-01
-1.591467373686850095e-02
3.298349711114958449e-01
-1.549312351179594760e-01
-1.000000000000000000e+00
-3.365439177944251625e-01
-7.505278608453924694e-01
1.000000000000000000e+00
7.642028794573798578e-01
5.951678413893460862e-01
7.562591735907842061e-01
2.122052784122736568e-01
3.376509543483674491e-02
-1.000000000000000000e+00
-1.000000000000000000e+00
7.734108914957305014e-01
2.252333377346571464e-01
8.707623334375460544e-01
3.230951478467129490e-01
6.852472790528429947e-01
-8.070603877469539889e-02
6.388603810859800891e-01
-1.038640918589894824e-02
-2.763742290401662860e-01
-3.637372295317751192e-01
-5.950631350508295281e-01
4.319670597864733175e-01
1.000000000000000000e+00
2.913376196531829443e-01
-9.087850534722929918e-02
4.069683054549703138e-01
3.794305172775207513e-01
-9.066959849160133311e-01
1.000000000000000000e+00
5.319813810904003848e-01
-9.441840210047902637e-02
-5.927897976234022259e-01
-1.000000000000000000e+00
-2.821303062283881946e-01
6.714880214855321050e-01
5.455553699150883507e-01
-6.483461430070001086e-01
-4.853261174191018101e-01
7.067039255993516900e-01
1.000000000000000000e+00
9.805704020527132858e-01
9.491254026989144332e-01
-6.748548381362295956e-01
9.648749804459517687e-01
-9.502857169655305469e-01
-5.401977137699964793e-02
-9.067015824054758255e-01
-4.724717848746493587e-01
7.652997341624367955e-02
1.498273237113958434e-01
2.684596888476105114e-01
-3.113270046882309905e-01
9.457068716204846126e-01
8.716422240053911530e-01
-6.403298264905059600e-01
-7.702426675324258731e-02
7.834007945457504007e-01
-6.804995066301713358e-01
2.964115151292689987e-02
-1.000000000000000000e+00
3.799648916973554780e-01
3.901541136385096031e-01
-7.675139902000162051e-01
9.476277144666864771e-01
1.448092347530751667e-01
-1.347106329353815468e-01
9.380597311510348035e-01
-5.117685046876903066e-01
7.746889144491735379e-01
1.544028171364475455e-02
7.284783655835513905e-02
9.171906133363194602e-02
7.008309439339270863e-01
8.377232813860324701e-01
5.311953147621573113e-01
-5.675829059447670133e-01
-7.846126400331612238e-01
1.487791883586537800e-01
-7.905912772833183222e-02
2.433307644288629223e-01
1.000000000000000000e+00
7.048676291715780806e-01
8.519024065210891727e-01
-6.051637762720583069e-01
2.570157066037259685e-01
1.469139497790539206e-01
9.123251406132193431e-01
3.885632556342397681e-01
-3.601081129423746585e-01
-7.897739104397636378e-01
-3.087774266783025467e-01
6.596555575108233871e-01
1.000000000000000000e+00
-1.201566267971303503e-01
8.804281271821119415e-01
3.815987591704634863e-01
5.255346177348931835e-01
4.871836073337145745e-01
-7.340013189158176576e-01
2.218350427804518521e-01
1.534937376887370863e-01
-1.324788943673936292e-01
9.843237226000591811e-01
1.000000000000000000e+00
-5.660080977353314502e-01
-2.550546904751569421e-01
5.794801912895786167e-01
-3.508401992239789102e-01
1.000000000000000000e+00
2.573048331922465071e-01
1.295383590544545438e-01
-9.261409746663833431e-01
-1.000000000000000000e+00
-6.397488645905176075e-01
-4.691193804813387214e-01
-4.075528677488990392e-01
3.954901659417842108e-01
-2.998606391422398154e-01
-8.217458772640713338e-01
-1.989194339040105675e-01
6.256181103964710832e-01
-7.722783864242144247e-02
1.000000000000000000e+00
4.697560305211069265e-01
8.638443434333428206e-01
1.401423680825495399e-01
-9.247460390779458361e-01
8.875683081095948612e-01
4.123146847440934959e-01
2.400289564421467237e-01
-5.886675617702721297e-01
5.301738148525658723e-02
3.909242696338799394e-01
-1.727847417334353874e-01
4.392214973162349434e-01
-1.806590826361764712e-02
-7.407595189666511537e-01
7.579979370616211076e-01
-9.039564723668576107e-01
-9.804468391476528488e-01
8.062521061580703030e-01
8.486787828779267517e-01
6.392899323352612129e-01
2.703357992646913122e-01
-1.610098054212711904e-01
9.261784442691900487e-01
3.933170264265930527e-01
-8.448058884697327020e-01
-7.603068455769709244e-01
1.022545422418237315e-01
-2.499165109035472732e-02
6.964126980345435314e-01
3.790581104742956065e-01
-3.296220529567626123e-01
6.751726266104420837e-01
-7.579313021939384498e-01
-8.236021840063882937e-01
2.633955639600003007e-01
6.424100373729131341e-01
3.814778591178318301e-01
-8.826222472984803780e-01
1.000000000000000000e+00
6.009910882002715837e-01
3.146984933394718631e-01
-6.481979343522470405e-01
5.273256933939431956e-01
1.000000000000000000e+00
-5.953124732465904234e-01
-6.770376212536117766e-01
-4.779152262130019757e-01
9.853549010504691896e-01
-2.568975076694148818e-01
2.199598856077964459e-01
-6.386332560714009787e-01
-6.871364727574813536e-01
-4.260057115228343960e-02
5.689817622760608984e-01
-1.000000000000000000e+00
1.000000000000000000e+00
-5.036137035345693569e-01
-5.280888433677366489e-01
1.300822333937772246e-01
-2.292694696526798026e-02
-5.097462777686058155e-01
-1.000000000000000000e+00
9.674462118148241530e-01
-8.227353077526982084e-01
2.993660057974478761e-01
-6.828334166205896061e-01
-3.995557412873159686e-01
-1.000000000000000000e+00
-1.986907748571258292e-01
-9.951857806182824451e-01
