3.186718081870081321e-01
-1.000000000000000000e+00
-7.742595448437896710e-01
-5.762128763225051742e-01
-1.513620666831365646e-01
-5.607135883698912693e-01
-4.110864800645950279e-01
-5.865898086671101908e-01
9.865935222159860629e-01
9.620967027519311543e-02
9.325805855261692923e-01
-2.653720698243897114e-01
6.924231336423014582e-01
-2.855865624707425443e-01
-6.193225040059273656e-01
-5.246425922039690271e-01
-9.788223743598496451e-01
-6.768618510209434280e-01
-4.217167084064055160e-01
-7.573125255297736835e-01
4.256326147672369054e-01
-4.595498982621006867e-01
5.991865934684947881e-01
-9.120961535142264598e-01
-3.588589976394351844e-01
-6.055658754645687480e-02
-1.242226699503330423e-01
4.549261361652472413e-01
-2.507557928516856993e-01
-5.822131276105759756e-01
3.347544875984453938e-01
2.286699731396024671e-01
7.318439884091638703e-01
-8.832772583658798915e-02
-3.243285403704365688e-01
-3.865684122901167363e-01
-7.739162319219019537e-01
-1.187306558799160472e-01
1.593231638100462977e-01
8.290150560604667707e-01
-9.831008221172852224e-01
6.182707119297177201e-01
1.000000000000000000e+00
3.774097422704931759e-01
5.009919781166722874e-01
6.389099692598614322e-01
-7.047388101713598640e-01
-2.194001771546891799e-01
8.994682599324839156e-01
2.461491538054414452e-01
-2.336446601024100289e-01
-8.391560245468681067e-01
-8.305569102990428831e-02
-8.887908626220308861e-02
2.760196983793306025e-02
-2.829404183169659248e-01
-5.684944533806590705e-01
1.938840935949215361e-01
-5.363605187736124602e-01
-4.623674569139724078e-02
-2.208466431222626536e-01
-6.137676420115873999e-01
-1.032377221865283801e-01
7.721035693907563058e-02
-4.011793853886667094e-01
-8.182335763963421993e-01
-9.126546822863286224e-01
-3.873514011640422083e-01
-7.446854862156171428e-01
1.360521598215940209e-01
7.698380918099398951e-01
-9.880536786855376175e-01
9.423743489557063757e-01
-7.751139637431889717e-01
-7.149729292713979945e-02
1.000000000000000000e+00
1.000000000000000000e+00
-2.513126134721610505e-02
-2.431109771628663374e-01
9.964675404311447160e-01
1.000000000000000000e+00
5.695971999970976807e-01
-1.764247303689006063e-01
-4.959778962349117304e-01
-9.308565903996237623e-01
-6.017740400838138548e-01
5.742751041538276535e-01
-1.000000000000000000e+00
1.221153383758608602e-01
-9.586381922450104565e-01
1.936101843056370342e-02
-5.129359072959058796e-01
6.949959206556992619e-01
3.951642828509385197e-01
-8.675427351144202603e-01
-7.050750656559487961e-01
-1.000000000000000000e+00
-2.917486132525377585e-01
1.000000000000000000e+00
-3.096458077749035809e-01
2.049305108429155808e-01
9.704660473709332269e-01
1.834940371770548140e-01
9.597982695929085928e-02
-1.000000000000000000e+00
-7.216741385563640865e-01
-6.062751072130423413e-01
2.513028615470507265e-01
5.077868035039720951e-01
-1.628158818461862278e-01
-5.891669010097113635e-01
-5.027531488628140810e-01
7.166060856868197160e-01
5.806213897618470732e-01
4.354246373588552821e-01
-6.789625029092563047e-01
5.839255907692397773e-01
8.750574274372604489e-01
-6.573657177505691784e-01
-4.962262609759422460e-01
8.779054547567646249e-01
-1.000000000000000000e+00
6.881687661169744175e-01
4.197484022504038848e-02
-4.919499578449557653e-01
-7.661396021310244997e-01
3.538578078606530730e-01
-6.208832627526359449e-01
3.500849433407431377e-01
1.000000000000000000e+00
9.596804542018362305e-01
7.485461988961976676e-01
-1.854956188886618396e-01
3.075424876292953691e-02
1.000000000000000000e+00
1.345066274071944346e-01
1.000000000000000000e+00
-6.303413689215293658e-01
-5.181821551567551420e-01
9.378182603183504717e-02
5.923939390652933623e-01
4.589234584736923139e-03
9.666704465421789294e-01
-7.292067555951311508e-01
8.756788128716588293e-01
5.447093730276502122e-01
9.839188770047186949e-01
-4.739267061920007240e-01
7.894463770459347884e-02
4.909040723348796487e-01
2.545708111096212090e-01
4.055424904916098416e-01
-1.054500967916605081e-01
5.370687820118624778e-01
9.120140571432173715e-01
6.545610561830990104e-01
1.314946334315880705e-02
7.973340671781553590e-01
-8.608753895887510943e-01
1.000000000000000000e+00
-9.446768850152953423e-01
2.553179524820625712e-01
8.637827740447554525e-01
-8.490443694447535883e-02
6.261319022366562681e-01
-9.149298040392941367e-01
-1.353898909770911985e-02
-5.071717707738820913e-01
-1.000000000000000000e+00
8.909603098502774099e-01
3.757953242390156268e-01
-4.343338750243868063e-01
-6.923609892936777310e-01
6.944711714807081382e-01
2.892221757496515888e-01
4.675566281476876140e-01
9.329584693573345078e-01
-4.449010623339200166e-02
-9.126699070437291894e-01
7.872515506974067101e-01
-3.641760899741655066e-01
-2.795365127376732151e-01
-9.139121049622951354e-01
-6.232531777929068983e-01
1.929694076798986746e-01
-9.836877945084629982e-01
1.002903402098795915e-01
-4.005953098409298363e-02
-9.529755095482994598e-02
-7.349754703168720482e-01
1.716991320413525646e-01
-7.138018759427946502e-01
9.101398974815430032e-01
6.626492341215566295e-01
8.858020484416718743e-01
-9.623019445700735641e-01
8.379991018718586648e-01
8.901575890625135212e-02
-8.579056287477040410e-01
-7.755554122002508155e-01
9.595609093515753418e-01
-3.909234511247818844e-01
3.574107471204956976e-01
-1.218108544435299034e-01
2.505434955953524945e-01
7.389705132115640396e-01
7.496648224441291308e-01
1.000000000000000000e+00
-4.844049956821643299e-01
-1.724884989405177649e-01
-9.591792550265436645e-01
-9.584572332713401366e-01
-7.273394559591441766e-01
2.915929926906797309e-01
-8.685472451604558941e-01
-6.625111481398326951e-01
-2.912331678042794358e-01
-3.700367063588476668e-01
7.350657335055776898e-02
-2.570067246199858602e-01
6.639933753185216503e-01
-2.277737454641171055e-02
-3.153104964596649129e-01
2.528187540862154581e-01
-1.000000000000000000e+00
-7.001282418520136108e-01
7.403415072398751295e-01
6.935167488739149011e-01
-3.874896038632182904e-01
-3.148540478741159720e-01
-2.670436781247533808e-01
-5.333163721912688171e-01
2.889518418232805974e-01
6.844217780009775876e-01
-8.582910626146420530e-01
9.894176966690904074e-02
-7.464022314277769521e-01
-4.128626412600544526e-01
-2.930334053385381665e-01
-5.101052246596537998e-02
-1.487530490830955010e-01
-7.521952914188143602e-01
-8.149611848738391728e-02
1.418458288428285918e-01
-8.190389467503362830e-01
7.100844705701114812e-01
5.555680963484923574e-01
-4.294724340910756055e-01
7.693484857873942317e-01
7.514484314662528419e-01
-8.529457436634009238e-01
-9.018774203008788071e-01
5.947427804045637423e-01
5.544433070191701063e-01
1.419247206369393943e-01
-2.764198552956604882e-01
-1.897741544365560973e-01
3.699726941388965518e-01
-1.000000000000000000e+00
-2.954404961501029270e-01
-4.919153339784118062e-01
-1.015719168387833882e-01
9.766336539712350273e-01
2.164595828225841512e-01
9.779036627732902165e-01
