-3.308230865829295819e-01
1.616092720757944523e-01
-6.517364474292706156e-01
-5.447254877998615186e-01
-8.850921949645913500e-01
1.151698028592440526e-01
4.944122616668265024e-01
-1.000000000000000000e+00
1.000000000000000000e+00
1.626377242794478928e-01
1.000000000000000000e+00
4.350292716789423419e-01
9.475978275578023080e-01
2.666009532520050573e-01
-2.730106461415353625e-01
-4.430190085278240542e-01
3.274357370132821021e-01
6.374504322132277245e-01
5.694737481687628389e-02
4.612933387101514349e-02
-5.904291731842090662e-01
-7.310421185763527063e-02
-4.063126644743282334e-01
-6.167349371442494288e-01
1.206991142851987497e-01
1.000000000000000000e+00
-7.786442380854508016e-01
-3.037266457293474886e-01
-7.336086470674716420e-01
-9.456243561369848116e-02
8.993430404726927563e-01
6.927271943031505508e-01
-2.748855274379329305e-01
3.555287079214503043e-01
6.575753828106742915e-01
-5.245006429384080349e-02
-4.549358423570928345e-01
-2.873017864207291217e-01
4.154924714092369520e-01
-4.170571425853641934e-01
8.910805291231558289e-01
-6.801365560300340896e-01
4.920518277591470202e-01
-1.000000000000000000e+00
-6.350560489354215576e-01
9.308759782568094554e-01
6.185257827369805561e-02
-7.127267849913045961e-01
9.695367225135880229e-01
9.065359989997709977e-01
9.114836103447696569e-01
-6.000917251277342324e-01
-3.652881376229102361e-01
-4.763919291509502996e-01
1.015054503885174375e-01
-4.852331518684760425e-01
9.230912671621616106e-01
5.325310378781575871e-01
4.230996053911869614e-01
9.657010385593323143e-02
2.824120554063398458e-01
-7.782322956552536475e-01
-8.570583273513920908e-01
-7.643797789841748624e-01
8.278550079658859584e-01
-7.360359075645184213e-01
9.780680066919145155e-02
3.535059616547233663e-01
7.915946825355746341e-02
8.208169481821685487e-01
7.084068522082516139e-01
-4.156131883131013449e-01
-7.346379233687230226e-01
6.897155042198608310e-01
8.590105271842118917e-01
4.110817118686511673e-01
1.225505320607322979e-01
-9.707748082799287914e-01
2.847340692841082710e-01
4.905322448132940494e-01
1.710364580680097113e-01
6.490436294626178437e-01
7.735146523681541986e-01
5.807947092638698905e-01
-8.332656037157601947e-01
1.255555269822496989e-01
-9.670975189771684466e-01
5.040482920900539732e-01
-9.927212012126314100e-01
-1.123549722058232447e-01
6.085363919742761141e-01
-3.779314559683355501e-01
-7.538679838336035388e-01
1.263535912203832545e-01
-5.071802906506146513e-01
1.051915372878124977e-01
7.133554123374516998e-01
-6.776076210501074115e-01
9.595163167992719622e-01
7.089681995964827177e-01
-6.261473045790235670e-01
1.000000000000000000e+00
-1.000000000000000000e+00
-8.250058365450687603e-01
-6.609860066741271023e-01
9.975546369984302775e-01
5.726125483066806243e-01
-9.398024723126627844e-01
6.985073652553221990e-01
1.000000000000000000e+00
4.852823831236818819e-01
-2.110289601426384998e-02
-2.186299196759878827e-01
5.930022436877366854e-01
-5.547440795419138482e-01
1.000000000000000000e+00
-5.027257335485963985e-01
5.997986490945437232e-01
3.802436753423328319e-01
6.644299735941836538e-01
3.659206311882472473e-01
1.695431362386983221e-01
7.600627172534399900e-01
-9.885965177237512336e-01
-5.466697400084836733e-01
5.435509056271603523e-01
3.879486767613780085e-01
7.872365292447467411e-01
5.294328892340203208e-01
-1.271662709134060432e-01
4.521236827744756770e-01
-9.775367198566693450e-01
-2.271854217739993631e-01
9.095919865042967345e-02
8.354342432698445009e-01
-1.000000000000000000e+00
1.359545844414378202e-01
-9.387472136387966515e-01
5.200024914666090403e-01
7.402663097177131224e-01
-3.009712920029037342e-01
6.021475115675483103e-01
1.099324096201284018e-01
-3.340796207199194789e-01
-2.701032914490819614e-01
1.000000000000000000e+00
-5.982385969870862574e-02
-3.016819261248613326e-01
-7.268780223331172685e-02
6.379222679094802562e-01
1.684350150056133089e-01
9.412918995182475435e-01
3.388949205343279036e-01
1.706609185031213727e-01
-1.000000000000000000e+00
-4.782089811167407056e-01
-6.706158092320466668e-01
1.337448580060982828e-01
-6.184665677230321013e-01
-1.000000000000000000e+00
-1.000000000000000000e+00
-5.090162306382882695e-01
9.497975547695658438e-01
-5.644939643262574247e-01
-1.000000000000000000e+00
-5.734445392714462297e-01
-3.048173461902978776e-01
8.751183160772155745e-01
4.992427731590232121e-01
-5.660280743360741607e-01
-2.822204557422578475e-01
4.428243315708491057e-01
3.204125203273655575e-01
-4.400701049341146920e-01
1.481481460028806207e-01
-5.264142134429412589e-01
-7.563250846650257930e-01
9.626470139634690781e-02
-1.000000000000000000e+00
-3.795751220895982048e-01
1.275133779735302120e-01
7.295754468729811482e-01
9.775992683813610196e-01
-6.808292667070461324e-01
-1.000000000000000000e+00
-7.858758184679162095e-01
6.487712397033107425e-01
-1.739860667423434037e-01
8.574146031208318419e-04
2.042772275858750763e-01
5.247486276903974289e-01
-2.682714450111300941e-02
9.704373731260826919e-01
9.766764597494204114e-01
4.096771549633546616e-01
8.358685897244360063e-01
-3.358666575275637278e-02
-3.232451259120348031e-01
-1.192380112739266362e-01
1.186981510030878928e-01
-3.497844730624443121e-01
2.356757925896550976e-01
5.602333371211452029e-01
2.945446772920892187e-01
1.603534601513314506e-01
-8.093755010499867897e-01
4.818836804006056962e-01
4.880768421701608961e-01
9.912565781870059656e-01
-7.123666679541316160e-01
7.072893851125465758e-01
-3.704252112880048187e-01
-9.954444559487620747e-01
8.305607875656815242e-01
-3.175180838211444367e-01
3.860760029158392115e-01
-9.690806352962062498e-01
4.483909588897407872e-01
1.165524974453366891e-01
-6.731587138382373325e-01
-4.595720567679573154e-01
9.159161875102661554e-02
4.172351433618219918e-01
3.759203432612148177e-01
3.964010755475186887e-01
-5.855834610303910504e-01
-4.734495655515944534e-01
-1.000000000000000000e+00
-9.854793527303058465e-01
1.000000000000000000e+00
-7.954893415723094385e-01
-6.098893925065111965e-01
-2.412216109723275270e-01
-1.000000000000000000e+00
4.592277958002264349e-01
-8.952220657785014968e-01
-2.899346545364802630e-01
-8.557858724789044746e-01
-9.225670710709645839e-01
-5.924841285925819268e-01
-7.880901449056667563e-01
-4.060866577211097450e-01
9.909283256873251400e-01
-1.458731320315775903e-02
6.004173409610147338e-02
-9.074064907158287951e-01
-6.895789912141083722e-01
3.546480493277053281e-01
5.230876080169588604e-02
-7.326984608458080306e-01
-2.219596620449328928e-01
4.144716326951480845e-02
8.995470208722451400e-01
6.022963467207456123e-01
-1.577461663197825548e-01
3.576068741430169506e-01
-2.264181535592930117e-01
5.948363691734912528e-01
2.590971941649273247e-01
2.998354191642036426e-01
1.295393515343468138e-02
-1.183004508773219943e-01
9.799335497725822908e-01
-9.083169163454312134e-01
-6.268815262719888981e-01
