-6.939786013957713884e-01
-9.331406797270653808e-01
-6.983629070064876210e-01
9.062612412703563436e-03
-4.183149323410759735e-01
-5.310250208649216486e-01
-5.294572159589623350e-01
-7.678438693540645676e-01
-1.000000000000000000e+00
-8.724628058382168927e-01
4.487059334084582130e-01
9.178954354840747065e-01
-8.465149096945914220e-01
1.677033349261907169e-01
-2.259338956712937385e-01
3.625731470238939824e-01
7.604487258256014126e-01
-8.537400830742236657e-01
-5.495192471780385723e-02
8.996078543198837707e-02
-9.683382627637937556e-01
-9.132228716402766011e-01
3.408217359688545667e-01
4.534126860654117408e-01
-7.707012710596283789e-01
7.085022506551374999e-01
1.384872863940709298e-01
7.804343161465392420e-01
1.508164703712542298e-01
3.315599422962092202e-01
-8.445417284299923111e-01
4.140788613425989695e-01
-1.000000000000000000e+00
8.840015987556770760e-02
-1.000000000000000000e+00
-9.594774470742064576e-01
-3.200975219996229360e-01
-5.880545776625425436e-01
-3.180544780865066645e-01
-9.114812658397772882e-01
-2.884386290633023098e-01
-6.501786369221751460e-01
1.765745831487910422e-01
1.727675313390673040e-01
-5.036473426908532058e-01
4.579388273853957081e-02
1.743180055371331694e-01
3.362598842571433710e-01
-7.781251352552140954e-01
8.768918280779260943e-01
-3.496945253226990680e-01
4.684716157473034492e-01
9.803869232898820840e-01
3.614527629740358350e-01
-8.999348078012008312e-01
5.131476463163604507e-01
8.076825377622359747e-02
-8.890388810136118369e-01
4.586112437641154393e-01
-1.069422162861093373e-01
1.143304765072121754e-01
3.813083625878850302e-01
2.085300029937915411e-01
-6.759816082644267698e-01
-9.322886485612447149e-01
-8.505870032500046918e-01
9.446345595404910256e-01
1.260824750276381412e-01
-9.897298704865986618e-01
9.956144978914451826e-01
9.738341229043105951e-01
-4.426162067298911040e-02
4.315495439341152650e-01
-1.679340693478057478e-01
3.061481011208415648e-01
-7.319135602716486666e-02
-6.257353693760074886e-01
8.052412005789759686e-01
-1.151638190728896394e-01
-3.151775320306082762e-01
-8.873250512005690371e-01
-9.801140878616536600e-01
-1.000000000000000000e+00
8.231997721747323915e-01
4.667282880881522544e-01
-6.457248192744804438e-01
-2.455047521275743883e-01
-1.000000000000000000e+00
-9.277676261345582098e-01
-7.507091282462337034e-01
1.000000000000000000e+00
-3.728376572860141458e-01
2.410551118777255475e-01
9.393139831740855428e-01
2.982924043781420842e-01
3.916176772267601081e-01
8.932322353828312522e-01
7.993545922507103718e-01
-3.435131678099050401e-01
-6.823419000929198397e-01
-5.031926979218677154e-01
6.582953798749919816e-01
3.815241540851408431e-01
8.839837547024924636e-01
-9.751900869785250503e-01
-5.046889927104765139e-01
2.386281191406769420e-01
8.810587763386354965e-01
-1.336162529430007240e-01
-1.163397752010368880e-01
2.162726781590316172e-01
8.245961772440474347e-02
1.589598807520622437e-01
-4.519016698523325992e-02
-1.985042803845730730e-01
-9.564555133539112131e-01
-2.324266982878231413e-01
-2.831383915516076932e-01
5.482862971077349101e-01
2.709612019921858739e-02
-3.917637377667928522e-01
9.757829506101294292e-01
9.360463757923234152e-01
8.907700635243269716e-01
1.066662730330465436e-01
-4.522374856102291396e-01
4.509326921167287061e-01
1.478404090348675037e-01
-5.027464151428495676e-02
-7.671958754330354679e-01
4.358235689401930291e-01
8.744667757948596520e-01
-2.905153674015266141e-01
6.087987413889115462e-01
-8.345480198171095765e-02
-5.346086057604620967e-02
-8.897398032010712665e-01
-5.200134005717271801e-01
-6.271048515307799942e-01
1.000000000000000000e+00
-7.385360019545410548e-01
6.847636132839793888e-01
-6.618959152785126587e-01
-5.068456585846492501e-01
-4.661082199062651643e-01
4.710939338577762037e-01
4.923099806370385689e-01
2.257654714145431729e-01
5.391933119550282871e-01
8.902660258835326523e-01
-8.856497296847789524e-01
5.137073022449487603e-01
1.000000000000000000e+00
9.873452720990716358e-01
3.838799129798271537e-01
-7.506895460698115308e-01
5.676485494873340087e-02
7.377653104817103458e-01
2.341218532963573740e-01
-3.872820060781172469e-01
-9.532667028600596559e-01
5.222175627170151380e-01
2.667066186601507738e-02
4.906219339048958350e-01
-1.494345742190097415e-01
-7.599156750868605315e-01
7.171802115635830255e-01
4.642322184770637516e-01
1.960427123564167928e-01
-7.816772530223314863e-01
-6.070642665687426831e-01
3.228310884914766810e-01
1.944883046407486216e-01
-1.010900016722569017e-01
-6.122366484874943726e-01
4.364608234941027565e-01
-2.001487913860946488e-01
3.678174874663351357e-01
9.640249645049898675e-01
7.651121942213363614e-01
-6.582747528375181290e-01
9.252908844142391231e-01
-5.419941192287391907e-02
-8.366333048443297393e-02
2.275023098360215990e-01
5.115286028417755926e-01
-5.272917526745866112e-01
5.389708308892244837e-01
1.000000000000000000e+00
-6.207572242501711024e-01
-3.582665132274232000e-01
-3.530146217075633697e-01
8.590519753005387837e-01
-3.629387355572055718e-01
1.063673480047833131e-02
-5.319815708663819809e-01
-3.220268515011526222e-01
-8.587039386207226954e-01
7.642769327451919281e-01
6.966158854036925696e-01
8.078597286440629688e-01
-2.506738128169616608e-02
-8.237063926463088492e-01
4.340391039343658441e-01
3.094160879836511668e-01
1.888961708588565713e-02
-7.293537535868306332e-01
-6.110148699848916287e-02
-2.736728400833874364e-01
7.080789790439601106e-01
-7.114034091733834053e-02
-7.655582855261580111e-01
1.555238336063686777e-01
1.000000000000000000e+00
4.539009373180216134e-01
-7.768671160288020960e-01
5.074319277307213216e-01
4.496034782662494678e-02
2.653223023271249481e-01
9.805065288548602265e-01
-9.677573419074996242e-01
-5.485902213385607240e-01
-9.239973865062918179e-01
5.550363315171216172e-01
-5.525770703043970666e-01
-3.601562159546576325e-01
8.129495814373730589e-01
6.031342818206260059e-01
6.994139854895826680e-01
5.072136760658669807e-01
-3.440174151718025097e-01
5.465600646911017435e-02
9.608589458408278716e-01
8.236335609599836349e-01
-9.241562684861188703e-01
-4.429387275038942917e-01
6.396099703396769254e-01
-6.815275763697703493e-01
8.345227907430419201e-01
-2.709253414926711123e-01
1.539330742016580267e-01
6.706499121175224509e-01
2.617691017764340877e-01
4.369310380004396421e-01
1.893810609722283989e-01
-2.120387589123067240e-01
-5.561455303571136710e-01
-1.000000000000000000e+00
-9.890652558908712422e-01
-3.326472871388430619e-03
-7.802837343152571048e-01
-9.206924466417429898e-01
-5.074011979555459462e-02
6.346299500645526948e-01
-7.320732027730438851e-01
-9.184657438971222110e-01
7.890796845822444228e-01
-4.029039080045757615e-01
-9.932119154314649201e-01
-3.353326160019176605e-01
-2.328976292208331245e-01
1.989054915714769667e-01
-4.119367944442597906e-01
-1.980575498810865920e-01
4.668330990885982690e-01
