-6.509882569480847092e-01
-1.738249542915002444e-01
-6.551555440352649917e-01
9.700334633906726456e-01
-4.128911306740912224e-02
-8.420716344862193559e-01
-9.735805260768168878e-01
-6.542431023430772541e-03
-1.731049010018681500e-02
-8.245138034085950363e-01
3.561276072757981748e-01
-5.129748871193333670e-01
-8.795356400277631881e-01
1.101843750410216316e-01
-7.904621604748516273e-01
-4.146209123718431755e-01
3.670985005309872484e-01
-4.915827046228726793e-02
4.689770641871451318e-01
5.016604489180072068e-01
5.935666043289198335e-01
4.354366695827540656e-01
6.448314544689135452e-01
9.431359788806426003e-01
7.546703400890468760e-01
-3.831833034769720481e-01
8.885890294496503472e-01
1.094803226756599912e-01
7.201482861167050054e-01
1.243550993288840001e-01
5.637571976391853035e-02
-4.206312482802345709e-01
6.547094689478605289e-01
-4.319554160088991956e-01
2.997149885008301151e-01
-6.867574393182918069e-01
7.006601910710124059e-01
-7.282881049160250253e-01
-5.266798657649665039e-01
-6.925005744951866493e-01
-8.865247787819998670e-01
2.153573840442863929e-01
-4.922474098852722690e-01
-3.670358318353179605e-01
3.079579464569093261e-01
-8.145197104166832514e-01
-6.314863415487017573e-01
-9.813698694132149125e-01
2.204687985631188507e-01
8.468381144007797179e-01
2.717170981369352312e-01
7.557424080899113328e-01
2.350844972690846468e-02
9.937647959761948258e-01
1.220091652010273364e-01
7.505010287468945052e-01
7.748968711868309267e-01
-7.265152987782519389e-03
6.213695662472518144e-02
-3.838076151066569519e-01
1.744027014139339915e-01
-3.965358719325671188e-01
-4.738163512676563105e-01
-7.380602251237555755e-01
-7.183123408004783439e-01
9.624928005377892948e-01
-5.885704070620485506e-01
-4.305603836904809967e-01
7.802086229758644631e-01
3.167437840864444354e-01
-6.580278720275289928e-02
-5.413526589571624470e-01
-4.832112828709000940e-01
-4.574041587326023173e-01
3.896861180214887810e-01
1.844445581593003869e-01
-7.926543499730194231e-01
-6.404494921489414239e-01
7.714971661418168480e-02
4.182545262916397277e-01
8.892449928897305789e-02
2.913003873040482805e-01
7.313204667880577325e-01
-2.417495803728078041e-01
-3.740518018544554124e-01
-5.359663889277346271e-01
9.801431662674597867e-01
-3.593204543705317278e-01
6.439969370483569211e-01
5.236296931708308566e-01
6.652290381187433432e-01
2.881953456418904214e-01
-3.701418467331336615e-01
1.296526872369068162e-01
-5.542039217584382449e-02
-2.934241771188443870e-01
4.376262285364891369e-01
-3.235193574824286600e-01
-1.637581961335328185e-01
7.899059281724991610e-01
4.908903861215485609e-01
-7.411608648063954252e-01
6.394329785907510999e-01
5.919401675475430835e-01
-1.989986794651257274e-01
4.996450018176559205e-01
-2.635201674349976209e-01
-6.407479267462965478e-01
-8.150569040611870264e-01
4.331811823637510273e-01
1.321678026805361839e-02
2.537525074495590172e-01
5.245792103488484681e-01
4.863422656672755640e-01
3.538672563961704487e-01
-8.639229797704457425e-01
3.001565812838369318e-01
-1.303276423296038100e-01
8.652390769809810145e-01
-9.798355987801798950e-01
2.891080133360535154e-01
4.144841044421818665e-01
-6.876175902735843781e-01
9.903586623991780247e-01
-2.733205804316685139e-01
9.921973610185679249e-01
9.997267027497771519e-01
-9.524017252352412477e-02
-4.587397978731140302e-01
3.881780371631551319e-01
-9.833769275107659968e-01
-9.372894171410615094e-01
7.649401072092791853e-01
5.076193331988239077e-01
1.950575499146753877e-01
2.559696354576046495e-02
6.345189618774225160e-01
-2.856524804511344495e-01
6.529771136772879458e-01
-5.510528296348289334e-01
9.208925766785451827e-01
7.618355976430974952e-01
7.667075134822884941e-01
-2.338947564670019741e-01
-8.144331746823774143e-01
-2.839228801770663502e-01
-7.708171331633715262e-01
-1.073187125613868087e-01
-1.524666370588680930e-01
-8.606778164283244159e-01
8.230388679720350709e-01
-8.574600081147751851e-01
4.726581170727435222e-01
-2.224894674829487329e-01
4.831593634603665866e-01
-5.588134760617433638e-01
3.196172433926729450e-01
6.084372407963680729e-01
2.325079241146392750e-01
-2.763652097173272537e-01
-9.443910860346216296e-02
6.279350643232233242e-01
-2.021870507081495738e-01
6.410288978814819849e-01
-3.086320833818450016e-01
-5.607803019296602187e-01
8.281470655910116996e-02
-8.153464182972693930e-01
-4.531271372513707707e-01
-7.353323723757494434e-01
4.728490146681547657e-01
-5.431460486455736980e-01
-9.255922733452042195e-01
-8.592482676708987910e-01
3.324796453570308952e-01
7.940120072831136078e-02
-8.826375679920372974e-01
7.268265041232613299e-02
2.967878905789760324e-01
5.175634793178507387e-02
-3.520834009910427387e-01
4.338131132008906654e-01
-7.834586005755903582e-01
-8.681703349710168105e-01
1.267795586001625452e-01
-8.841340512848328004e-02
-1.230189797617036174e-01
9.025590990290794924e-01
8.071589183930323319e-01
-5.860494335255062026e-01
-2.956463217365499219e-01
-5.190117671215022099e-03
-8.668466128281060445e-01
7.914109697867814930e-01
-6.215909249237474565e-01
4.495277433584585758e-01
7.390439279201816980e-01
2.286918196080915955e-01
9.609576200286462644e-02
6.690785780345878120e-01
6.201368055676699242e-01
5.511088548918325891e-01
2.669489984913737679e-01
5.136732054587695995e-01
5.220552181488569143e-01
2.346240517200675058e-01
-3.173341218493623828e-01
-5.004808490545786803e-01
4.965813598444914767e-01
8.110958886401600232e-01
-8.534929390954728579e-01
-6.729756008950675827e-01
-7.468944928290290886e-01
1.297634845134010284e-01
-9.162306203704271290e-01
-3.209947461316726702e-01
1.659883690424481806e-01
3.204653823169776317e-01
1.711929514666061802e-01
2.546621567713076573e-01
7.041375449882014692e-02
-7.953715283874127628e-01
-7.129011695370972568e-01
7.080819106723088563e-01
-2.060519814698857921e-02
9.442669615032297514e-01
1.247863544730891672e-01
-4.361444776275693602e-01
7.888586902406629076e-01
1.964649227631285466e-01
-2.614507786464408401e-01
2.957861749244268257e-01
7.472524411934853283e-01
4.009411445540234098e-03
5.633711032755226444e-01
5.942217705077217360e-01
4.454771091131637384e-02
-3.810796967592833262e-01
-1.739164400140520428e-01
-4.964470675427210544e-01
4.639705837781411546e-01
1.686858506403599023e-01
-7.457110288265214049e-01
9.619232132908519528e-01
-1.246499334840389661e-01
-9.217344760603309872e-01
1.017999021974087537e-01
5.912386266666360690e-01
5.474746267291985546e-02
4.550513446169905940e-01
5.924960550535101067e-01
2.208751335305658703e-01
-6.418257403130482874e-01
-9.286033920953828957e-01
-6.824181347837623424e-01
-8.141148545954688398e-01
-2.306399130784850815e-01
7.758866291618344846e-01
4.424027671277557250e-01
7.507457811004281112e-02
9.164951208909368763e-01
8.934095165426316765e-01
7.922992971176769927e-01
3.591688901590168737e-01
-2.178939686607492821e-01
