6.098425188490619320e-01
-8.111019184060652698e-02
3.808383605333491850e-01
8.559196966385977934e-01
4.081866231029713799e-01
1.000000000000000000e+00
-9.150240702421219563e-01
5.307150834679930096e-01
-7.508034246094987818e-01
3.980500551210612858e-01
2.675902986653537763e-01
9.650865641220527369e-01
-6.392695610817122898e-02
-2.003412860933654893e-01
6.061031404238899079e-01
-5.162931291478389806e-01
-3.889411381224909814e-01
-2.255995815646036906e-01
1.000000000000000000e+00
3.807836133243329702e-01
2.231528232054469374e-01
-6.557033974857051639e-01
8.710946653602584799e-01
1.475496493845291912e-01
-1.000000000000000000e+00
-2.520600620070685416e-01
-1.237923404130939486e-01
-5.492012091375104710e-01
1.805892341620745079e-01
-6.263640422448906175e-01
-8.111299386030079717e-02
3.870721057371664386e-01
9.515497809468855817e-01
-1.000000000000000000e+00
-6.823021979215937449e-02
7.814036862689126561e-01
-8.756843145224832980e-01
7.834342960648623677e-01
-5.777686539593869242e-01
-1.612359576401070083e-01
-3.310165315139508291e-01
8.204461673300518232e-01
1.000000000000000000e+00
-5.510223057366283594e-01
4.812222068397109531e-01
-2.689758169699709711e-01
5.679466149446421586e-01
-3.504449545482835049e-01
-3.346129341961472381e-01
-8.463443115090145685e-01
-9.864031290006285424e-01
2.575976005650280065e-01
7.079029340612661425e-01
-2.992464593791765992e-04
1.502741818425190612e-01
5.307953198007424600e-01
-1.232204704751407309e-01
1.000000000000000000e+00
-3.003331109666611543e-01
5.670566331340789468e-01
-8.492472962785850843e-01
-6.827792213351542294e-01
-8.566254212048129979e-01
3.921766185964310480e-01
3.356754226312579359e-01
9.479251289439178940e-01
6.565451311994432437e-01
-9.832153677807102810e-01
1.662056160045266573e-02
6.514403367597649819e-01
5.969993710907517404e-02
-1.217192773257309568e-01
5.494313614353074637e-01
1.895320335905386067e-01
-7.438293782392264575e-01
7.127741234970399464e-01
-3.014318949284804372e-01
-4.604663568723100786e-01
-1.000000000000000000e+00
-2.267812650142366770e-01
1.000000000000000000e+00
-1.000000000000000000e+00
7.752937853288992542e-01
7.861495821438488907e-01
4.170329503356073886e-01
1.316622858592262357e-01
-9.446813682190853267e-01
-3.823496222985049986e-01
-5.135019392650039816e-01
3.061284326623983088e-01
-1.037761699131083404e-01
-5.606857124535327142e-01
3.218771967089484320e-01
-7.766467231088489687e-01
-5.926668897331206498e-01
-5.111862778666593776e-01
3.690965210084453663e-01
-9.644841208313039704e-01
-1.000000000000000000e+00
-2.760418083631532848e-01
8.412512733880301852e-01
-3.377018828797984096e-01
1.234262459330546235e-01
3.874646717509480087e-01
9.342024917265578932e-01
-3.036840090191450514e-01
6.526926297526220999e-01
2.844661630329792246e-01
-1.000000000000000000e+00
-7.302022689155229784e-02
4.442967772150221428e-01
-5.420913318707623052e-01
9.000450025028237100e-01
-9.046682200944922148e-01
-3.167883322091454845e-01
9.337779988024323963e-01
9.271258914913425020e-01
4.459603204367037499e-01
8.935122098967445137e-01
4.062369095171112221e-01
-1.000000000000000000e+00
-9.857227498702458846e-02
-1.000000000000000000e+00
5.296935143634318166e-01
-8.653602481391596823e-01
-3.189082563534897385e-01
-1.591172851994488990e-01
3.557166434397311949e-01
-8.972844238087862578e-01
9.820145499520752108e-02
-3.673936389624457011e-01
1.733693962864639726e-01
-4.814020370721352471e-01
-1.000000000000000000e+00
-1.000000000000000000e+00
5.457436251727130205e-01
-4.480880876496948773e-01
1.095967285698833393e-01
-5.756445790081641256e-01
-1.799210603379806095e-01
8.185079335282869906e-01
1.000000000000000000e+00
4.228048367835626209e-01
-1.000000000000000000e+00
-1.540652998196843093e-01
-7.592142794683984786e-01
7.321062079904323561e-01
-1.974199080284533281e-01
9.663604555956024633e-01
2.986138951184238444e-01
2.393275555123364207e-03
-1.847810810436285589e-01
-6.362189814644223507e-01
-1.394124317439540128e-01
-1.000000000000000000e+00
-9.266512836837554890e-01
-6.102885606134513807e-01
-5.128453746478567332e-02
9.349601168291770126e-01
-7.278508725608638930e-01
7.773275651574986789e-01
9.644632317379631115e-01
-1.000000000000000000e+00
6.585906125412881451e-01
-1.198019484358150422e-01
-8.583620251167383142e-01
4.574197618680877486e-01
1.781093660185906202e-02
1.616048274386305827e-02
-3.492150536004678951e-01
-8.140300698356237596e-01
-9.464753119597558717e-01
2.302314366104412091e-01
1.841189101717464194e-01
6.471571678106371461e-01
-1.000000000000000000e+00
-5.604003602006024654e-01
6.862152155956064981e-01
9.638893804451602598e-01
9.849896153539112742e-01
6.430440125355385561e-01
9.990061103254026520e-01
-1.925043671385220367e-01
2.821554027952526411e-01
-3.661917188754830743e-01
8.830456252567711051e-01
-2.658019452509228220e-01
-8.585502587213711401e-01
8.844169433547013348e-01
-1.182331340235673878e-01
6.060619956200938852e-01
-1.565618308806386860e-01
9.130945781619883572e-01
3.502030768523731741e-01
-5.871734595159694425e-01
-5.887078655542450356e-01
-3.002781417337214709e-01
9.380191391155656699e-01
-6.372788175668697708e-01
-3.529392902817543032e-01
-1.000000000000000000e+00
1.221942401179312299e-01
-1.414394107797578570e-02
6.040521232280400277e-01
8.494578819012337245e-01
9.155898274797329428e-01
-9.880059868946231560e-01
-3.246126243820259827e-01
2.579981803257334061e-01
-3.635254693858345210e-01
4.374611086725299636e-02
-9.549182032510470375e-01
-7.620691600003759447e-02
-7.362367470773263367e-01
-1.189747126335256588e-01
-1.000000000000000000e+00
-3.233876831445274824e-01
5.645949049468315106e-01
-4.129112299718600276e-01
6.929662738621522600e-02
-7.883658680543632613e-01
-6.654085518918106956e-03
5.307747220975778113e-01
-3.364131848342155617e-01
1.000000000000000000e+00
-9.740071668087397772e-01
8.065214191119876030e-01
5.335693124934339782e-01
2.934273341029385307e-01
-9.613300696751450047e-01
3.720228906673690439e-01
-4.940785757105499165e-01
-6.237320207704177832e-02
9.380606650008898040e-01
6.199731461758413165e-01
7.561548129050097433e-01
-7.473395982910489010e-01
-8.853352355320693867e-01
9.678632203832822078e-01
9.915496680579005684e-03
1.000000000000000000e+00
-1.000000000000000000e+00
4.064286097514109297e-01
3.747446848147184539e-02
-6.872242948890103786e-01
-9.919121651270177420e-01
8.011730472585085749e-01
5.947543140003741513e-02
3.106128332417905646e-01
-7.956259371568028538e-01
-6.466111680878543488e-01
8.634256585681612250e-01
-9.870177590828079772e-01
2.230224847627493290e-01
-3.255344036228640103e-01
8.374673460332504593e-01
1.000000000000000000e+00
-1.309347021017725488e-01
2.736194165233411524e-01
-4.102063304359311324e-01
-7.177459436624820110e-01
-6.985026705587307205e-01
8.437170196624999008e-02
7.365621830425752581e-01
3.849337117751775450e-01
