-8.698072333553010793e-01
7.729503060293640981e-01
8.554966152108705035e-01
1.926060188661025130e-01
6.218559961115999180e-02
3.828266735226606432e-01
3.112511683658112371e-01
-7.887969569090906852e-01
9.987632112000583984e-01
6.148256581181321678e-02
5.081442419975765734e-01
-2.631946223190071432e-01
-9.284967912516188804e-01
9.032495323367495388e-01
2.168969784755723218e-01
4.663680064287114568e-01
8.203326819859140251e-01
8.101605893274910208e-02
-8.861120510927744665e-01
-7.378323491865654837e-01
-8.779020667425294633e-01
3.376632797436074362e-02
-7.166821101163267649e-01
5.138860281433264010e-01
2.448725397570545859e-01
-3.052922829867059651e-01
2.202913246802262748e-01
-1.584403882866998181e-01
3.364468170756615972e-01
9.964067892614241195e-01
1.589329319300456511e-01
-2.233375700155579846e-01
-6.528888114720536873e-01
-8.684512786866507295e-01
2.468698544725791422e-01
-2.531290110014321471e-01
1.344195153862992598e-01
8.959467574433888082e-02
8.857040623667167267e-02
5.170176815845259899e-01
3.174682695045858427e-01
-6.403566651107572838e-01
-1.076491704933186799e-01
4.018032992988760377e-01
3.628697996362213463e-01
-6.116844660464280103e-01
-7.653534865418478716e-01
-2.212137661938591293e-01
2.645555232224796605e-01
9.967936423869399043e-01
-5.312784983771039471e-01
1.153693986532742244e-01
-5.453820383637666414e-01
2.698943715861161774e-01
1.113963969575200164e-01
5.393886729287511450e-01
4.718523166486205955e-01
6.362491161682746199e-01
9.424455056874365688e-01
-3.218312526551083685e-01
-7.488822922590938624e-01
5.704130264505149484e-01
-5.405783911244721462e-01
9.184351363747311758e-01
-4.490347133415384384e-01
-9.024655192452630814e-01
6.054399753341277446e-01
-9.194838925022232878e-01
4.754902278730650522e-01
7.054167614436643863e-01
4.362998519366978467e-01
6.664470491991099088e-01
4.813661008487319926e-01
7.717094454966400008e-01
2.370811157837133809e-01
-1.094012342705492635e-01
-8.968738255206387677e-02
2.487923733571739682e-01
9.173234663984226600e-01
6.531559522022090114e-02
-2.450878025627056811e-01
-3.741340954075320635e-01
5.728410331113731324e-02
-3.458255593963421859e-01
-3.568222867128287845e-01
3.818775159943841313e-01
1.839128038869193293e-01
5.248313136867568396e-01
-1.833334214513071547e-01
9.851581037301786470e-01
-1.855359759833437039e-01
2.317010102780932002e-01
-9.094797732584778416e-01
-9.090807988504805426e-01
-7.246623295533278775e-01
-4.316329437028576521e-02
7.519155407532862601e-01
-9.816950432534130577e-01
-8.672803998205889098e-01
-9.287899933523657836e-02
-2.476402997969637809e-01
-6.125428985903598189e-01
6.305612171132028987e-01
-4.954974514210741532e-01
8.811958982808436591e-01
-3.931524784587492327e-01
-6.530996220801350560e-01
7.001718195881150297e-01
8.485268611848699738e-01
-1.607655253336346401e-01
3.026562005628938845e-01
2.736143317325945290e-01
5.445319822968506251e-01
-4.618302959013524944e-01
6.456411198099714088e-01
-9.988907577212202682e-02
7.895500916408213499e-01
-7.844675940559235894e-01
9.934099111137628668e-01
2.059820698362011537e-01
3.702733788388723468e-02
-6.028456711823659830e-01
-9.815175723776525807e-02
6.181250332215812993e-01
4.200746080201269717e-01
-1.423435859886066357e-01
4.367174654444005988e-01
-1.147333981211426934e-01
7.820468920006520275e-01
7.047651045298624073e-01
2.529865293389088610e-01
-8.818483834384127640e-01
9.073355166699743624e-01
-3.619963051378438657e-01
5.843428346843233534e-01
-5.784265775677543964e-01
7.819150119935134313e-01
-1.632107977260406351e-01
-4.414669629686402974e-01
1.505169236302779101e-01
2.431979332845641828e-01
4.361391127765681386e-01
-5.334757706179111825e-01
-2.584072609602190429e-01
-8.348200558884373290e-01
8.095433442398136670e-02
-2.015428216644461479e-01
-2.173261991360024847e-01
-1.652418414090528476e-01
2.073538721538736862e-01
3.915758103847544191e-02
-5.021555825936834250e-01
6.246990322253320738e-01
-2.256678654986374877e-01
1.731127117411288552e-01
-6.738262902211344940e-01
4.303195806514983346e-01
-6.369159110229767329e-01
3.912646492419320499e-01
-9.861098001475976371e-01
-2.822370286899444913e-02
-3.423659631147011329e-01
-5.477408412998505671e-01
-5.054153541478241252e-01
7.394543738168395386e-01
2.830343121430265452e-01
6.104370568175365719e-03
7.243368448683207284e-01
3.094453656699613919e-01
5.263761641453004181e-01
-1.454613102824304782e-01
4.590926837027773377e-01
1.729691469355030264e-01
-7.336993170700041311e-01
5.585222229339745770e-01
-9.599193534302639108e-01
9.262289084267909534e-01
1.665040231558627681e-01
-8.448068641791082189e-01
-9.073094782890536170e-01
-4.637863697494657433e-01
3.621263866573642964e-02
-7.571219330690557303e-01
1.054485900201340698e-02
7.744668990412439946e-01
-7.488038034039288249e-01
-6.037336036394738148e-01
2.833610445872132289e-01
-1.940510945598388215e-01
2.205980275122587653e-01
5.480645924733382746e-01
-5.409621768969048450e-01
-3.182573638703505292e-01
-3.352332115254679223e-01
9.903028805429183734e-01
-6.801201549476798558e-01
6.324775092799603815e-01
-8.209954496870643936e-01
4.463985447827223396e-01
-5.462114054064941548e-01
8.799188337994148235e-01
2.605277740351314986e-01
-9.877619456363664341e-01
1.607117174832106699e-02
-9.584384256249078859e-02
-5.631696364168270463e-01
-6.501256941853374993e-01
-6.732120136672514743e-01
2.661910049630240582e-01
-7.836208717641190979e-02
-3.261593044693469334e-01
-8.520924764645949612e-01
8.270107825491690434e-02
7.201663930449777595e-01
1.566817683642756087e-01
-2.302135845476556142e-01
-8.384610058956853962e-03
6.390681604767360913e-01
5.786972398446699195e-01
-2.926198290462711515e-01
8.347785838082479870e-01
-4.379800007858791755e-01
6.374183222130209714e-01
3.971813524836802500e-01
-6.336055115170340368e-01
-9.104318230862391559e-01
-9.597773556972777342e-03
-7.991533079362569403e-01
-3.086610022083682292e-01
-7.593462742412520061e-01
-5.613195636900598640e-01
-5.701220069221113462e-02
-6.592294349937941611e-01
-5.191447280667949027e-01
-7.320087164642030686e-01
-4.973628455985168451e-02
6.786625531146306400e-02
8.837591593813882707e-01
-7.582393879021458449e-01
-3.399496227513487678e-01
1.144126869331707486e-01
1.343371010481246852e-01
-9.206358569927546309e-01
-5.183339704812404136e-01
-9.877709597596884272e-01
-5.779797042013732344e-01
9.244514571722739493e-01
-8.070220077005885173e-01
1.893081789385686609e-01
2.668638596666259577e-01
-5.691293026802106692e-01
2.721163248550972913e-01
-8.670748690885008436e-01
-1.511879546461103452e-02
1.606989200043442700e-01
-2.790280377079756846e-02
-7.407676046728932651e-01
9.914152963908293703e-01
9.193452735119442831e-01
-4.098300084787462882e-01
-1.969890875324284973e-01
1.132018417652507214e-01
-5.111619269238172336e-01
9.549281566148484224e-01
7.447746178461405187e-01
