1.999124141179122738e-01
9.031015985215298247e-01
1.000000000000000000e+00
-1.000000000000000000e+00
4.398711325458006804e-01
7.428336230459890999e-01
5.026017327757361652e-01
9.557573028740649068e-01
-2.766258049209475711e-01
4.612204918414715138e-01
-8.632634477537015627e-01
1.635903118594408401e-01
-1.000000000000000000e+00
1.000000000000000000e+00
8.893222012971200297e-01
1.976261062557878034e-01
-1.000000000000000000e+00
-9.287029381094519254e-03
-1.671761922446022286e-01
-1.000000000000000000e+00
-9.296147865983073189e-01
-3.292832671177909898e-01
-5.490959997747144605e-01
7.512091734061265846e-01
1.333273658298383957e-01
-3.907062397725826752e-01
7.016943947742932952e-01
5.523909227042536063e-01
-3.880740620639748784e-01
6.430634948283864283e-02
5.300326158953908573e-01
-6.073903627836674257e-01
-1.000000000000000000e+00
-6.173418693386774070e-01
2.408340221978584328e-01
-1.000000000000000000e+00
2.685423044910726365e-01
-1.000000000000000000e+00
-1.030174351385806375e-01
-1.000000000000000000e+00
9.821923890997577011e-01
3.597087400926857192e-01
-5.913100544014420201e-01
-1.631670986297460990e-01
-2.123133790812556931e-01
6.296949967936332770e-01
-1.000000000000000000e+00
-6.460343032436566268e-02
6.993263616858058640e-01
1.000000000000000000e+00
2.092307101890112375e-01
-1.146899348878154257e-01
8.655985587516852320e-01
6.444175325021372913e-01
-9.681779549116975581e-01
4.514927192873968709e-01
-7.181594789385744582e-01
9.682505969716035388e-01
-1.000000000000000000e+00
-3.992862157007064372e-01
5.924273077468766857e-01
-5.922775862692428728e-01
-3.931178091663922736e-01
-2.639377026547473637e-01
-7.993273128734992294e-01
-2.409286367819629682e-02
4.986749531742604713e-01
-4.175417620705823563e-02
-4.296801208498224334e-02
-7.243974714961987083e-02
-8.798638150901021415e-01
-1.737950374827247624e-01
-8.069539959977340970e-01
7.911133246563715193e-01
-1.000000000000000000e+00
-2.533041569080365374e-01
1.000000000000000000e+00
-1.000000000000000000e+00
-7.072415431762936189e-01
6.786552865670669732e-01
-1.000000000000000000e+00
2.474946974287248747e-01
9.267417059218050479e-01
-4.747195169399276438e-01
-4.181005837108327516e-01
1.000000000000000000e+00
-6.965869772201622734e-01
-1.634482198926938690e-01
-4.404594334344260620e-01
-5.307480203060117585e-01
8.794792977029812775e-01
8.305960041811530914e-01
-5.384576602782567001e-01
-2.657607878449024241e-01
2.731665685286412959e-01
4.465742480757035615e-01
5.826843841984188366e-01
2.070890744230422520e-01
-7.549862291017161997e-01
8.112726692914231652e-01
4.840676453121419698e-01
-8.092245699039810614e-01
5.216403402238871667e-01
-1.710847219100768424e-01
-5.821981896162859993e-01
5.836029832209028712e-01
-6.758701265625903787e-01
-1.471381784219667477e-01
7.615114613838391833e-01
4.136400768448711407e-01
5.286654668780932376e-01
-6.103603910344432837e-01
2.184075475036961755e-01
3.841899116456339858e-01
-4.746069899118938729e-01
5.316799329576669120e-01
3.535100429606199413e-01
1.657395248200055349e-02
-3.451771107993693022e-01
-4.540861913464044886e-01
-8.465664378093240572e-02
-9.395545495003330139e-01
1.000000000000000000e+00
-1.000000000000000000e+00
-1.000000000000000000e+00
4.616470935480299076e-02
5.370893544224655258e-01
6.822464025739416460e-01
4.412206869930357378e-01
8.864360933690567101e-01
6.432397097946906950e-01
-9.464690951596630430e-01
-1.669767986184649555e-01
-5.036495350094214452e-01
6.500396744320831033e-01
5.971274543174392990e-02
-3.731491532506044373e-01
1.000000000000000000e+00
-8.036975212919661438e-02
1.523143864953923621e-01
-1.000000000000000000e+00
-1.479953814158829761e-01
-9.911034398348002039e-01
-4.649215381010305403e-01
1.704338997052318727e-01
8.860843066634207510e-01
6.522313355728025508e-01
7.639525472405503947e-01
5.290282314237921835e-01
1.174810392220131394e-01
-2.582193702688664327e-01
-9.136226134561808987e-01
1.000000000000000000e+00
-1.122452791993515386e-01
1.000000000000000000e+00
3.636474461057088714e-01
-9.741909101474939270e-01
-1.554773664764551588e-01
-8.630814057895153102e-02
3.091035404190103364e-01
-9.185987456840420950e-01
-1.000000000000000000e+00
-1.000000000000000000e+00
5.401201309677524653e-01
-3.193085553134592525e-01
3.608608900406176101e-01
-1.000000000000000000e+00
1.000000000000000000e+00
-3.002398320967045731e-01
9.824230187379957568e-01
2.556019089084842211e-01
-8.300534452739780633e-01
1.553688644332005264e-01
-7.616391774850395091e-01
-9.466038403987384608e-01
-7.226162658944466077e-01
7.863625619774250453e-02
-7.791663328918377873e-01
-1.000000000000000000e+00
5.649217917482596274e-01
8.841867444033237877e-01
8.690034852761583384e-01
-2.605567120697298567e-01
4.959739349433200939e-01
6.507397445827680649e-01
-6.983534517346929871e-01
-8.582765669333761727e-01
2.747513101456862117e-01
-1.000000000000000000e+00
6.149778691844720591e-01
-5.779456003056365754e-01
-5.970393206182420531e-01
-8.094505702246594936e-01
-1.000000000000000000e+00
-5.673801047666839903e-01
-1.239431562516044583e-01
-4.893863477242154092e-01
-5.361994615215510684e-01
2.309240104405829719e-02
-3.727562921767152426e-01
8.621650773950628732e-01
-8.039169814032964823e-02
-5.992220493106343859e-01
-3.308741616778764216e-01
3.428397459216296905e-01
6.960701012876979732e-01
8.324377615513707251e-01
4.851023908804676932e-01
-9.257166019938267709e-01
6.161432392442851569e-01
9.613289730913165965e-01
-2.898088069963606905e-01
1.938529887566469156e-01
9.046197053822326861e-01
-6.765517840059165344e-01
7.894171821094468910e-01
4.561688544103439380e-01
-8.968180377508241374e-01
1.000000000000000000e+00
1.121933355722810610e-01
-1.000000000000000000e+00
6.641865947918772495e-01
-2.580356891734201241e-01
-5.107705828319384356e-01
4.205312245200369947e-01
-8.860791972992341226e-01
-1.450490183427579627e-01
-4.187743093446336662e-01
3.153257384300751642e-01
7.540672651794868564e-01
-8.027880900839168277e-02
-2.939144666031578979e-01
-6.222992305222683207e-01
1.000000000000000000e+00
4.051305860213583188e-01
-4.765715395421792344e-01
-5.499910391665687737e-01
7.228519141879083953e-01
3.562328718631018187e-01
-6.736241496023331887e-02
-1.000000000000000000e+00
-1.000000000000000000e+00
3.564170812698681523e-01
8.198942379027625016e-01
1.660078905579620567e-01
9.116850948715682357e-01
5.954606731755012206e-01
1.870311049707915618e-01
1.734874233980265856e-02
-3.754348135295666467e-01
-4.481838477406303589e-01
-5.041685347019875252e-02
2.993546561337580014e-01
5.817095710211550585e-01
9.312329602966438191e-01
7.782289869198948384e-01
-4.045558354911109600e-01
1.000000000000000000e+00
-1.666543769263488795e-01
-5.150061295638230785e-01
-1.000000000000000000e+00
1.239914728885433831e-01
8.416406935082794138e-01
1.085534869690643056e-01
-5.401573693992312020e-01
