-6.706435404766704078e-01
-8.063068928426875281e-01
-9.979842009033785821e-01
-7.745400643842044186e-01
9.760238605620767949e-01
-6.110433854634023110e-01
-5.437111321816900933e-02
9.890534266595090163e-01
8.831860609688932939e-01
3.166619620492674425e-01
-2.748539102295142200e-01
-2.750214303586656639e-02
-9.794801845467830947e-01
8.999981306207831544e-01
-4.119698649428031878e-01
1.000000000000000000e+00
8.108601561254500378e-01
-5.537969354937777311e-03
-7.066074768516827920e-01
-9.161850397598401141e-01
3.066354855515711630e-01
9.987022485470462563e-01
7.185020034814624257e-01
-8.187673176094785177e-01
-3.812791996083997881e-01
5.828724387634842685e-01
8.821178971907872590e-01
2.417948346079128452e-01
-4.919708478913574212e-01
3.177301890042016908e-02
5.310845804491515221e-01
6.015473805449902400e-01
-1.652597652567755482e-02
5.871988056338985906e-01
5.662978929049344856e-01
-7.231706211176456289e-01
1.265421372437023351e-01
8.187451903714459966e-01
6.788681139131742537e-01
9.383710583267836913e-01
-8.199399609676636391e-01
-2.694084896521081740e-02
-6.250507593377928606e-01
9.278467731164818932e-01
-4.254407857830431183e-01
-1.000000000000000000e+00
-2.527364157519751409e-01
4.207545904636283973e-01
4.514561975870593491e-01
-6.096697222322025045e-01
4.602306149417534353e-01
6.995978927257134883e-01
3.677995786070606954e-01
6.998556339306523100e-01
6.802082374366011930e-01
-5.716547246094474399e-01
-7.813406454390126044e-02
1.606438582162118545e-01
1.737777478494362260e-01
-3.160613640748595188e-01
5.651225021688306427e-01
1.000000000000000000e+00
5.813016978096998688e-01
1.536392530979076021e-01
9.249753567957310629e-01
-5.071556938483450239e-01
-1.000000000000000000e+00
9.964048068070845421e-01
-5.030199012644926970e-01
8.632610130615334665e-01
-8.909918437657760037e-03
-2.525594922157403666e-01
-4.168425083102000883e-02
7.269436211468538467e-02
3.314512191551441944e-01
-6.009564496288271052e-01
-7.232223237662001036e-01
8.416483763050848221e-01
8.668595406374406398e-01
-9.325344931422655526e-01
8.252867790396245518e-01
3.809376225227134594e-01
3.322855764032888182e-01
-9.193734440613507974e-01
7.566891411938443390e-01
-2.680277398585084736e-01
6.200468654942103974e-01
-2.585432999762680151e-01
-1.688472668529237275e-01
-2.427670562021106981e-01
3.040291476571843621e-01
-9.504474870097243677e-01
-4.316098082844026518e-01
-4.644022040889617120e-01
6.237920058242374388e-02
6.211986297379989974e-01
-9.248875947812689180e-01
-2.720337566422770248e-01
-1.508070989904801706e-01
2.794660691605304059e-01
7.116058522814965315e-01
2.292145722484433268e-01
-6.107300456310094106e-02
3.192614872183050512e-01
-9.577980357207258599e-01
-8.061821421132655541e-01
8.740936238878946885e-01
7.955917891511594675e-01
5.288532745052800799e-01
-9.996707909169724182e-01
6.151915181864594517e-01
-4.068709385590796312e-01
1.000000000000000000e+00
-1.000000000000000000e+00
-6.213012282253098650e-01
7.431543730035103934e-01
2.877455281515732821e-01
7.865390008163759550e-01
2.944910741628505857e-01
4.814069197875612272e-01
1.000000000000000000e+00
9.188392752304532785e-01
4.179022857894119092e-01
-1.670955669665175058e-02
-3.840931018465330027e-01
1.000000000000000000e+00
-3.755731453681798726e-01
-9.080431313237569135e-01
2.424351083650049254e-01
7.574664854035489947e-02
8.612353812917583618e-02
-8.624401865823894120e-02
-6.990219977826721554e-01
7.432983236169001806e-01
-5.957145350395005590e-01
1.573787925382068575e-01
1.000000000000000000e+00
-6.626553292269190543e-01
7.050271155452974003e-01
-8.549926406496954900e-01
-4.614084425312219295e-01
1.315299762427464270e-01
-8.259907827286785409e-01
-8.975782135132011064e-01
7.808247569577473346e-01
-8.224788877191770986e-01
3.645060684524974448e-01
6.006701640516942664e-01
-9.917001051866547456e-03
-5.722176755300609763e-01
9.742186051026122673e-01
1.775692535689727403e-01
-8.459688239540619215e-02
2.276334660270906696e-02
-1.490309726492742293e-01
2.050337947920766180e-01
-5.777872289876289091e-01
1.032777056774210056e-01
1.000000000000000000e+00
4.197446495579284509e-01
8.060589874253065723e-01
7.870238076817015482e-02
-2.294317504075684688e-01
1.000000000000000000e+00
-6.171911712872051314e-01
2.633554710458809733e-01
6.464176633124503191e-01
6.041012488716637208e-01
4.544778785089267359e-01
-8.222486437152527472e-01
6.153130254168648339e-01
-4.212767975760538519e-01
7.079466812870492953e-01
9.540899014045602922e-01
8.247437399841053285e-01
8.919956454123363354e-01
-3.665069943958658705e-01
6.737985423833605658e-01
9.335135951260966625e-01
-3.723505553925094969e-01
1.431169353937369326e-01
-1.170079266210910518e-01
-9.423825541820618490e-02
-3.464856314541040483e-01
1.937446190439904292e-01
-7.917769274687220804e-01
9.032384006473941351e-01
9.186792564200938482e-01
2.998109859242961139e-01
-7.661591864676846608e-01
-1.502665072289053327e-01
-7.924753878896499959e-01
-8.644523313868053283e-01
-9.495930130987306761e-02
1.334894290916692761e-01
-8.300663513535813109e-01
-4.380597495859843704e-01
4.945161214791569115e-01
3.581395394091007045e-01
-1.528245773501530902e-01
-7.160563833615432028e-01
-8.712753058243856152e-01
8.316349780774204836e-01
-3.728093239511987012e-01
-3.597253217152578397e-01
-1.675404319128268593e-01
-8.452972380590353385e-01
7.566463697517766818e-02
-2.751752582648523404e-01
6.265165093828497511e-01
-4.959375425091605560e-01
9.866278991501760132e-01
1.000000000000000000e+00
9.566087404484069356e-01
-6.060012058947101821e-01
2.833217557273235987e-01
-2.520263471571595471e-01
2.283069273387550169e-01
3.512111494840608472e-01
-7.167570570514443240e-01
-5.440270119672705462e-01
1.982941410681384742e-01
-1.000000000000000000e+00
-9.859909294018123216e-01
6.773275643353930953e-01
5.917368932693145567e-02
8.368476246840939048e-02
9.563459953868935770e-01
3.433246075295133259e-01
-1.143571243912981927e-01
3.520371415215686195e-01
-8.992141112636591327e-01
-5.969915130070713172e-01
-1.000000000000000000e+00
5.021725517860040622e-01
-4.409852280282995363e-01
-1.000000000000000000e+00
8.548728097413553773e-01
2.355535898329088607e-01
9.245661355130458947e-01
9.241136420760627246e-01
6.135240878206271731e-02
4.950019967987580038e-01
-7.883027144323850877e-01
-9.675923989579038320e-01
5.369854174542343372e-02
-5.958132029513960592e-01
-5.237277245515614688e-02
7.453624452708089709e-01
-2.625967735742984477e-01
3.648922247319521528e-01
-1.000000000000000000e+00
-6.895427143964070194e-01
1.808802410702363694e-01
-1.882755547867953627e-01
-6.260353354162926376e-01
1.000000000000000000e+00
3.887622978539577723e-01
3.829696710504608692e-01
-5.094710917174616327e-03
6.212779415153000251e-01
3.317294048577146270e-02
-1.000000000000000000e+00
-5.074186249681951200e-01
4.343687689086084269e-01
