-7.853684136691070350e-01
-2.936225923950157579e-01
-9.843644345254867201e-01
-9.194114846103789151e-01
-6.263117623672842527e-02
2.845372512686814570e-01
-3.969709696588290537e-01
1.938316960955419610e-01
8.743118198002428620e-01
-3.567119911143452615e-01
1.492536638336527943e-01
8.866243054372890953e-03
-2.548624818122748881e-01
-5.480511840679571645e-01
4.579107831002682261e-01
3.456550218602636448e-01
-5.832450082887121745e-01
-9.867474530853543868e-01
-6.711393759302435313e-01
2.266847225861203796e-01
4.209671703737289938e-01
-3.736531715029365319e-01
5.816215774205324429e-01
9.417971125192436954e-01
5.259769040265760420e-01
9.657512258478775369e-01
-6.584395065884174336e-01
8.238874737759385170e-01
5.909013745498499226e-01
6.357965149765480994e-01
-5.349972166972305487e-03
2.939594135559930876e-01
5.666041782077233524e-01
-5.394259928330076281e-01
-1.925840580756787990e-01
2.244084646245714243e-01
7.935929988567489435e-01
-3.621020055687198536e-01
4.524725542580434468e-01
-8.698059228267549514e-01
5.838082476854133951e-02
-2.562328101069135666e-01
4.971782026069293536e-03
9.544221733892543913e-01
-3.378605960632024008e-01
-5.257188054162627022e-01
6.967390356887004366e-02
3.297962753313206097e-01
4.771824261856050242e-02
-1.688019054909921657e-01
2.222263998147717690e-01
-2.722559607124701575e-01
-6.542195100321794854e-01
-2.424458710466228517e-01
4.711717161805970555e-01
-2.773489279349001801e-01
-8.853732360968979975e-01
6.959636423974495667e-01
4.949001762173454999e-01
8.901070997774152005e-02
-5.455197413682957297e-01
-8.744907313363656787e-01
5.131621966779322808e-01
9.686702850734585368e-01
8.518429818205432991e-01
9.681646139314152855e-01
2.287484910337767019e-02
-3.391957089102843881e-01
-8.529785567801151380e-01
2.986737904297822599e-01
-4.229372112625926494e-01
1.556213665121726208e-01
-2.135067374095143133e-01
9.163141431253871705e-01
1.213652766041859454e-01
-4.679415558058186431e-01
-2.860231367876431285e-01
-2.804847895864930329e-01
-2.075654449414243707e-02
-8.956963275799794122e-01
6.684090906979265334e-01
-2.575462459065755993e-01
6.964201771022873189e-01
2.335761124656019483e-01
3.091354737765104055e-01
-9.715597526340689072e-01
2.490104667931301030e-01
4.207770183085008942e-01
-9.826380157813459082e-01
1.468994449257812196e-01
-8.802366261013925275e-01
2.018998630304917885e-01
-4.169804072921228233e-01
-4.373756798179915251e-01
2.750308621027848233e-01
3.270093992286668971e-01
5.998616944489554292e-02
3.795633447561137519e-01
8.117453744049731856e-01
-4.803539185390879318e-01
3.997949510555320884e-03
-1.929006298690323362e-01
-7.939348670944441633e-01
2.012266340664345954e-01
8.246776282348848852e-01
-6.392418177517891209e-01
-8.381217376005014597e-01
-7.674900961130142196e-01
9.894437745168949139e-01
4.062327045719162921e-01
3.904333375000255124e-01
-3.076434591352501524e-01
-6.783167057643850750e-01
-6.483864443701004010e-01
1.761584133004965302e-01
9.313604035960205696e-01
-3.788291252183200175e-01
-3.780292538770342325e-01
-2.382236326585389641e-01
3.656625154121173615e-01
5.306092072451411568e-01
-6.670108075023470917e-01
6.029875716149897258e-01
-1.452106596014182127e-01
5.985889855526105308e-01
4.533150051538326064e-01
-5.305394017806801532e-01
-7.749852698381720639e-01
8.137504800900479118e-01
8.647339212417817222e-01
7.366127304465219794e-01
3.961605818146494151e-01
-7.144535305189436691e-02
-8.195345163774210295e-01
-9.609325950774509906e-01
-7.597383488613289604e-01
-9.382032455366084989e-01
-1.383352511668234364e-02
9.973738670074336898e-01
9.802012766754919504e-01
5.913721878070223870e-01
-2.795620746133122836e-01
4.655385907210130014e-02
-7.767502748299983661e-01
-4.939351807714433829e-01
2.689129652928976544e-01
7.857580774018486647e-01
9.661167797913858823e-01
4.560316114165905432e-01
-8.607949253324680416e-01
9.515066447241145031e-01
-9.201594909409573919e-01
3.359815828908452318e-01
7.449739052932038419e-01
-6.982385020341523862e-01
-1.699186592431245479e-02
7.827690767107100545e-01
6.768883687044693342e-01
-3.326881193015562843e-02
-7.705653284810882742e-01
8.450159535899239849e-01
-4.960345167992223914e-01
6.711923012114744402e-01
-9.033452430336239569e-01
6.167341944489512784e-01
-9.472246382674065490e-01
5.804315346002300036e-01
6.911232189742073651e-01
6.550662477721675980e-01
-6.616710393845610660e-01
2.316574549088785684e-01
-3.944519865133462311e-01
6.333428761718531419e-01
-3.783197196119314487e-01
5.470857608465566901e-01
-7.058105816118194209e-01
-5.197515527621456854e-01
-9.140590753213873043e-01
4.667482572539329855e-01
-2.221167269228250252e-01
6.899629573942651639e-01
-6.252691147705857766e-02
-6.719628645508231024e-01
-5.663891398362519425e-01
6.861523065306383007e-01
-8.487253647599204420e-01
5.294631206110234078e-01
-6.241830185384074081e-01
-7.257281677715790025e-01
-2.150726894126542277e-03
4.193145171735370713e-01
-9.395502246891962450e-02
6.538421374752800830e-03
5.933686888888798361e-01
-1.886207970620330521e-01
8.368299967494754465e-01
-5.178074196882374025e-01
4.842198921775129339e-01
-1.221453652491601982e-01
4.435880991114227179e-02
4.565168932576648686e-01
-2.190641927043164294e-01
-7.625207839893690664e-01
3.293932292625614267e-01
7.100345977075426251e-01
-2.696385303632264918e-01
1.681422765726225954e-01
5.032465265499421747e-01
-5.459582581281285929e-01
1.070302117468191483e-01
-9.545546466202659008e-01
7.437888945377382210e-01
6.257263903739669342e-01
4.937922775054617297e-01
8.870851032383213486e-01
3.405401883233845073e-01
1.491571843850942880e-01
9.721226521923678199e-01
4.408681689074174237e-01
-6.557631391655351916e-01
-1.024017155482681574e-01
8.993306010558761443e-01
-4.889819126745467148e-01
5.624825323610993522e-01
1.204695199173217990e-01
-3.942416388947604933e-01
-4.492654657283967623e-02
3.888397280677646783e-02
-8.939190982492757342e-01
6.865362704143838091e-01
-1.711151219962201431e-01
-8.157612252623913651e-01
3.289676970351407270e-02
2.889741646425307842e-01
-7.824584823698814695e-01
-1.501237998346929281e-01
-3.340477695280106296e-01
2.049169195577196234e-01
4.169761223287233864e-01
-2.757133787022729710e-01
1.101363475049126350e-01
1.547770044842362580e-01
-5.933108112247675869e-01
5.051206517805644225e-01
-1.302870702610736675e-01
9.773207841680406904e-01
2.567360868130708074e-01
-4.977106710795820010e-01
7.779820243204009778e-01
-6.498537101607773092e-01
3.798150896785146280e-01
-9.788180831842110408e-01
-5.346758258164707733e-02
9.156525650417357554e-02
8.833172298148639356e-02
-6.455414589908905487e-01
-2.944617105150060254e-02
-8.385338384468206119e-01
-2.606181130819762437e-02
-2.034941424823977218e-01
6.144011441276173713e-01
8.961043118777936023e-01
6.260633682376268716e-01
7.269151331046936892e-01
5.203649545071442617e-01
