-5.909483035535947337e-01
-6.233185979950175426e-01
-3.407554068720799467e-01
7.851389990995734092e-01
-8.670162909103968918e-01
-5.408451207972047037e-01
9.009943875811980973e-01
2.291233137044081936e-01
9.634364265439250286e-01
4.715824205863801133e-01
-5.789737222288906526e-01
6.592254411637092915e-01
-3.260352941756847756e-01
-5.158639198140688720e-01
-5.453744839902185948e-01
-9.277538733705170682e-01
6.836260228898609626e-01
-4.895023698096869769e-01
2.311116944296875975e-01
-8.064720543102217309e-01
-2.347979563504425382e-01
6.210073182889082055e-01
-5.295734856988549843e-01
-4.101778637284358986e-02
-9.064775233360820028e-01
-1.309461735869086318e-01
7.536697959853122519e-01
-1.362906410718354167e-01
8.017335929637754433e-01
4.457625490176371774e-01
-9.801787334964136011e-01
5.846843779545336517e-01
-4.437703538838846384e-01
-7.181802807001715916e-01
-7.335155035047364880e-01
-2.032604548907563924e-01
5.224290339654742432e-01
1.000000000000000000e+00
1.000000000000000000e+00
2.549096362688045847e-01
-6.527869694872046047e-01
-8.100247889462917072e-01
-8.565673114931313670e-01
-9.780087229548042327e-01
-1.287623879334367505e-01
-3.974532448580960775e-01
-2.886185220864676548e-01
-3.815382184214257677e-01
-3.583108354348010227e-01
2.711488568058406656e-01
6.960159371745702206e-01
-4.000881054640714751e-02
5.972296277105573203e-01
-4.271063409317001902e-01
-7.766580335316695116e-01
-6.177142143230534010e-01
-4.361541793026721958e-01
1.000000000000000000e+00
-3.977079547701487527e-01
-7.129597919982011422e-02
-8.256346796076639016e-01
4.319149988928459027e-01
7.148400932011973463e-01
-6.956865551295603467e-01
1.610878055686915111e-02
-5.847125501165639783e-01
-8.957222060657961116e-01
-5.534159108425596996e-01
2.302078840041041907e-01
1.685509795567770031e-01
1.000000000000000000e+00
4.347349578091375122e-02
8.029602648027691636e-01
9.277545501061523758e-01
-7.466278490330759965e-01
4.689580554623269393e-01
-5.711948926587637754e-01
2.332864881032128412e-01
-5.994207304660630342e-01
-3.281396997190035858e-01
-2.824605776400024304e-02
6.002876608317841978e-01
8.160122449901618946e-01
-3.931097945938035743e-01
9.682955219534368219e-01
4.669483945468151376e-01
-2.370008458656105432e-01
2.600431029453247334e-01
5.609123035370138233e-01
-8.562779108174134457e-01
3.088713096109672041e-01
-5.631132002077374743e-01
1.207181180524288244e-01
-1.084586555550364206e-01
5.285478057066865798e-01
-7.472212164762990216e-01
-1.409716067816839669e-01
3.267492473044950607e-01
-8.691612788605713735e-01
8.734614949298911135e-01
3.597513355398775925e-01
1.594886009004070626e-01
2.178492405740284354e-02
8.377848379097054821e-01
-5.827557818345636687e-01
1.823644073042129943e-01
3.480416713926608452e-01
-2.761943337298089496e-02
-8.719908985860358452e-01
4.005121331836503096e-02
-1.195955122498015832e-02
2.196251518499228172e-01
3.908318875414181770e-01
6.471252300005549962e-01
-2.278124209305065762e-02
-9.993958532550286655e-01
1.857773531934236999e-02
6.496859381205144501e-02
4.430542091917080150e-01
-5.892191824583288273e-01
-4.880060450859569077e-01
8.171553923233603189e-01
8.687449547438055308e-01
5.372293111302914870e-01
4.946892135959122250e-01
-2.983237288976041679e-01
1.440912734930062111e-01
-8.814788755257532138e-01
3.015582743769655849e-01
1.421661428622555956e-01
-7.406959457073458708e-02
-6.975491425128041989e-01
-1.595169889545668962e-01
-9.785527007755150386e-01
5.016211061925308634e-01
-9.232198458436933208e-01
-1.000000000000000000e+00
-3.277558908599367271e-01
-5.051144960674387452e-01
9.079445634549083710e-01
-6.711416471437328113e-01
-7.043431961860358026e-01
-3.637944984596552800e-02
-3.874611702393864210e-01
-4.374260842791850568e-01
7.754348479213235557e-01
-9.779184934221296643e-02
5.754933706091442946e-01
-1.535629919105443442e-01
2.856438548905038122e-02
4.746971355919580304e-01
-7.833601054285912468e-01
-3.519090211415132341e-01
9.678353626214590832e-01
-3.074996780647847316e-01
7.712922867570948249e-01
-4.403707316440286235e-01
1.538459237455449546e-01
2.629975544067941762e-01
7.784670363106638291e-02
-7.188241486097535216e-03
-7.186538569949418864e-01
4.131840990598412144e-01
-4.939423292164957235e-01
9.874865307479501197e-01
3.038159991711528729e-01
9.475317323008811687e-01
-2.551423652375279794e-01
2.787415445336007824e-01
8.788147044732299573e-01
3.269017351098724156e-02
3.773102865217956570e-01
1.525192687734677754e-02
3.178513097302042567e-01
-4.919002747122869224e-03
-8.872160652397167446e-01
6.867212182244510910e-01
-5.245510784270561722e-01
-1.982249492941472180e-01
8.204488712692874497e-01
7.350015089446935157e-01
-1.000000000000000000e+00
8.311426607188068250e-01
-6.178512973220706694e-01
2.310420189689075254e-01
-8.970864583676043669e-01
-2.179235152880778514e-01
3.333708541250726132e-01
1.085234655940501280e-01
-6.397072591238199823e-01
-3.901295498843859733e-01
-8.088577092037176897e-01
9.842359344197186832e-01
-6.652164292785982536e-01
-1.161188412097691192e-01
-4.100221880837091604e-01
4.500320276631140093e-01
-2.109289441495472150e-01
-8.236011460970815712e-02
2.179404399757409738e-01
-8.320084704756167682e-01
-3.289007830283818268e-01
-8.024174557644607741e-01
-9.103317861091975161e-02
-1.405373906062989953e-01
4.514271313354532023e-01
6.020230221593096953e-01
6.531564588009677319e-01
8.261287986547543039e-01
-2.377894598749434873e-01
3.517555070533182615e-01
-7.892320717850165313e-01
2.894510981049127629e-01
9.877742239751434727e-01
-4.409682934765262186e-01
-7.319066164065022306e-01
-5.970114100185184292e-01
-2.814464115846981862e-02
-4.923662315928543087e-01
8.158293514062666674e-01
-6.089723105050734997e-01
-7.232860989563312248e-01
4.964006173680319822e-01
1.000000000000000000e+00
5.811305634717931490e-01
-4.530600691618719145e-01
-8.338584427047346370e-01
1.423672027790960914e-01
-7.454503606420906925e-01
1.626692708833477052e-01
-3.467821726257014348e-01
-7.508688115048289813e-01
9.549615594870202173e-01
6.496691069730375911e-01
1.529273315321957316e-01
-3.892178313866934136e-01
-7.305896056956178164e-01
-7.359210931208113315e-01
-9.381660446380770679e-01
6.691802281926191309e-01
1.000000000000000000e+00
-5.045501320014289526e-02
-6.954804266909597743e-01
-3.117527102394819227e-01
-1.231803338649022361e-01
-1.000000000000000000e+00
9.898543146010470029e-01
-7.917847472275834075e-01
1.210240515822653684e-01
5.124309621795994918e-01
-8.443857252466862029e-01
-1.513407006089244611e-01
-2.011783051544433487e-01
-3.266448562130737643e-01
-5.263110654005063171e-01
-5.051961632127324187e-01
4.405395332221240245e-02
-3.510153381594460775e-02
9.652597310230484062e-01
6.512012155874324915e-01
-8.854292592395955896e-01
-2.963188840919861455e-01
8.074201281340591674e-01
9.375663339429689547e-01
-6.495327035136164717e-01
