9.366444070332682337e-01
-7.244641206827648894e-01
-2.033547376697897313e-02
-9.863228742250425007e-01
-6.828597155824307485e-01
-9.584364503382567513e-01
-6.169815862765957171e-01
2.504479761596087872e-01
-2.065086905308359810e-01
5.078526085159373871e-01
3.390140222932880310e-01
4.381058758828777489e-01
5.672561410293863737e-01
-1.515390583964622007e-01
-8.416248865338475937e-01
-7.405078673847027559e-01
3.989493706238080861e-01
6.307641150284688525e-01
8.486346092432550670e-01
6.713132472784009153e-01
7.161939007080153630e-01
-9.866863963444563179e-01
3.417375730433054315e-01
-9.284153958783718519e-01
-4.764870376727710077e-01
5.905625565901557739e-01
4.618420703500905056e-01
8.747858777025108168e-04
7.644265937581502524e-01
3.801039558741381441e-01
6.823741679244801350e-01
3.449955482757052216e-01
-7.982878961735540013e-01
6.091733049650320808e-01
8.728811730835430716e-01
-7.457065458179468198e-01
-5.951339808728330905e-01
-8.278996491489813980e-01
3.891460515452396240e-01
-3.179934005134819053e-01
9.968168407263928721e-01
9.970699708952217577e-01
2.369473975765199469e-01
6.929920617253053639e-01
-2.183049310365216544e-01
4.246219799989536803e-02
-2.216172466839858579e-01
-6.059475768731863443e-01
5.021057607260517308e-01
-4.354539188920603099e-01
6.117123671721225175e-01
4.532148948218099882e-01
4.684864403421380441e-01
-8.142741130376196512e-01
-6.732707075263701935e-01
8.562841091389612469e-01
-8.090618703609770979e-01
-5.009412114124047744e-01
6.811349060040101655e-01
-1.000000000000000000e+00
1.611046423365960489e-01
-7.804818113712197469e-01
7.249546963158750579e-01
3.297411920871156088e-01
4.716886516474219082e-01
9.338800306924797123e-01
5.022702522674804548e-02
-1.141236225126944781e-01
5.960730774157259049e-01
-2.832605626802364718e-02
-7.169691139510008249e-01
7.549954142123049827e-02
-2.062102891492574308e-01
3.489969356753763741e-01
5.061732365696827163e-01
-6.550943127923676279e-01
5.018059129323226841e-01
6.420812877909918281e-01
-2.754082701940585576e-01
-6.077825557993616901e-01
-2.006973929992406092e-02
6.279709570459361956e-01
9.225806685453177280e-01
-7.964630057238311078e-01
-4.817473009349948487e-01
5.724883964037814632e-01
-6.634144459842079566e-01
-4.018861914543737646e-01
4.172827551080400266e-01
-8.538817306761672388e-01
-7.345224411241013662e-02
4.238143337207689321e-01
8.006086698248078282e-01
8.885630168614635505e-01
-7.594669851425734919e-01
7.631344269567594818e-01
2.178516663315102075e-01
-7.314301499400821527e-03
-6.055310991341242843e-01
7.555279036091373523e-01
-5.400662225457364407e-01
5.621263171865393815e-01
-3.006561807202956516e-02
-1.774595982465581034e-01
-4.760830983405197614e-01
8.484775795098904450e-01
-1.000000000000000000e+00
1.966770511287672107e-01
2.544121090762163639e-02
8.899760768501547847e-01
-1.000000000000000000e+00
-7.734549281059812653e-01
8.884291890664959279e-01
4.569256395027443407e-01
7.556963841410930804e-01
4.565716079231776359e-01
6.160945158761932383e-01
-9.238411930871639477e-01
-9.262621754218645087e-01
3.609097636273506104e-02
-6.029102128662520155e-01
-8.554780850430709904e-01
-8.513918244792104684e-01
4.640379234820304344e-01
-6.839409399192535322e-01
5.933407168044211311e-01
6.813335860536962052e-02
-3.355254658165840453e-02
5.843730532205957395e-01
-6.232427097958501694e-01
1.203116916799242819e-01
6.537128210034528486e-01
3.437908828103564129e-01
-3.762955443328876992e-01
2.166759089087827439e-01
3.419581198537926525e-01
5.252723326843986573e-01
7.509572572755991438e-01
1.483997267526961927e-01
6.559031339647722891e-01
1.000000000000000000e+00
-7.385133799082612693e-01
-9.099520350767923427e-01
6.274048869657233851e-02
7.333048920573055351e-01
-5.448104565643210329e-01
9.790350526931603792e-01
-9.534043660760960215e-02
-1.159338704213208615e-01
2.013466105246939364e-01
-2.184681588047845402e-01
9.532731952729778246e-01
8.450585239025876216e-01
1.000000000000000000e+00
-6.745266737251398581e-03
7.973068798880869057e-01
-9.276530081703879826e-01
3.242176285066193930e-01
-5.516874078200113551e-01
2.651855365224049521e-01
-9.862929558028943333e-02
-8.867181247732558447e-02
7.550820431729983184e-01
-4.666326974548153927e-01
5.973328655619063454e-01
6.513197783424040654e-01
5.913512327402505875e-01
7.723378174034480903e-01
6.644133747247973343e-01
-9.581644554599384467e-01
1.699866225093431549e-01
-4.120641101673598872e-01
5.900708132584271404e-01
3.610856687154964106e-01
3.438389773993604237e-01
5.336378293414174578e-01
6.898908955585831837e-01
5.060705451541731570e-01
6.098540873456879119e-01
-7.650261472981998434e-01
1.000000000000000000e+00
-6.847240417492197473e-01
8.154892671914280022e-01
4.354679968730754691e-01
-6.338481017335120260e-01
-3.613118274061761781e-01
-1.000000000000000000e+00
5.719229106379772887e-01
-1.685198522070097127e-01
5.091465874581755369e-01
-1.491908665155838865e-01
3.042864268470457656e-01
-4.710317974327773438e-01
-1.567314599841784784e-01
1.623728997953983733e-01
-1.601064071657087862e-01
9.626082718897466250e-01
9.681555977694031867e-01
8.733332524811763253e-01
5.510668777871601254e-01
-4.691517941739160591e-01
4.963229062664140656e-01
4.004563747562457365e-01
2.860379111305804134e-01
5.024716491942315955e-01
-2.410131130516148801e-01
-4.794977767354624554e-02
7.065596653114922798e-01
9.041135564774485101e-01
9.242676645015148740e-01
-5.182186712530174599e-01
-1.748115058115977671e-01
1.000000000000000000e+00
8.862265113620244605e-01
-5.189888189735629709e-01
-7.634810095849959843e-01
-6.684037147472434715e-01
-3.625435451247880358e-01
-3.090488936579420809e-01
1.400666191383028725e-01
6.159319955488666842e-01
-4.330808689246263832e-01
7.805881087381731920e-01
-2.255356698819444006e-01
6.845667132320372161e-01
7.421281401222106222e-01
6.510794460813718043e-01
5.679664487998163924e-01
-3.258616594704648595e-01
-8.446414300749685022e-01
-4.028870175915593155e-01
-1.740266742803333599e-01
9.682301287433261461e-01
1.539479261123415377e-01
4.405317074472383521e-01
-3.555995843435133530e-01
4.869313194948341472e-01
6.076957900918703581e-01
2.642563795454540010e-01
1.724795369821572333e-01
-9.732787119716383994e-01
-9.876054213890177458e-01
-5.300337566513020349e-01
3.264798396266077596e-02
9.298181484496317317e-01
-8.172304478960992213e-01
-4.300647332257752087e-01
-4.615747134464185386e-01
9.094747221584733587e-01
-5.586819718025948234e-02
3.806609868456288792e-01
-5.345320216203490737e-01
7.659078674430599420e-01
-2.900459504840002811e-01
3.076074097134795515e-01
9.556117033693369844e-01
-2.561336457888894191e-01
1.350671315864100386e-01
-5.863594081096585864e-01
-7.638026229475907147e-01
7.749019091887392463e-01
-5.961118451016182984e-01
-1.877997548101246750e-01
8.352028957581421054e-01
4.229171492681305100e-01
