6.405673696195559597e-01
7.942166813817352899e-01
7.132494769046402450e-01
7.440291702212085134e-01
-1.929239967368556741e-02
-5.021618984406481800e-01
3.753364127317500021e-01
-1.638943209580945304e-01
1.936898194645357840e-01
-7.467817062072152900e-01
-5.169495569558171244e-01
8.956321619817844137e-01
5.078155389991643176e-01
-7.381980075215770487e-01
4.402434901341871765e-01
2.921979649247588018e-01
5.537442915378503194e-01
-4.675836310695333786e-01
-4.807486606272903806e-02
9.887862563250726655e-01
5.273333621216713674e-02
-2.942249474580536095e-01
-9.531390793040972476e-01
7.322836404544212918e-01
-8.352859661530427360e-01
-6.064126987198545926e-01
-4.297124644256966608e-01
-2.723069330197214200e-01
-1.660057074230503193e-01
8.034513091416091157e-01
-6.865474348275348859e-01
1.146324372890359378e-01
-6.428513579959675983e-01
-7.008016926573825689e-01
6.301037459186740186e-01
-8.120597589426958862e-01
3.018483135466667466e-01
-7.940404007639314532e-01
-7.049251682069479497e-01
-3.901553475702734808e-01
3.165925020850590688e-01
-5.709137940109785259e-01
8.453098260964910793e-01
-6.968397256984735222e-01
-2.633563903937616857e-01
-6.957539790060129903e-02
-4.063169868041094368e-01
8.342863574139296468e-01
-8.726570633265260390e-01
3.161424655277460527e-01
7.414590882518161674e-01
-5.916155510875853452e-02
-6.356810485065511607e-02
-2.063396713422460671e-02
-2.126579718953869325e-02
7.780221056772544941e-01
5.255119457941257455e-01
8.621093823196657180e-01
-1.425816801546877510e-01
-7.102171909432632990e-01
-4.960650750154143029e-01
-9.423243890766379582e-01
-7.676774211898156342e-01
7.728964666988902277e-01
-7.512930716305799006e-01
-4.940367196493578028e-01
-4.711791020529858542e-01
-1.519728444508161580e-02
3.938202976314451043e-01
9.712520713195049726e-01
1.431122003420437494e-02
1.787880968609436572e-01
-4.836199695468121895e-01
3.433065051224020170e-01
4.290619442073984047e-03
2.827824526663837990e-01
2.682108099793785172e-01
3.653136612857001975e-01
5.386281185565156004e-01
5.995947655777311702e-02
7.272579387664517281e-01
9.361065738705787176e-01
-3.191168482496971048e-01
2.158410616010186800e-03
-2.163235447819449320e-01
4.395172691153892419e-01
-6.426706787221814210e-02
-4.422788199297587042e-01
-6.185851818890386600e-01
-3.188057596932776239e-01
-4.701183845207199674e-01
2.065441996861456797e-01
-8.661018581085266899e-01
-5.038662648859701942e-01
-6.511529231444757038e-01
-8.412689848909720158e-01
4.156628993774669212e-02
8.168581378074879495e-01
-2.038830218588383314e-01
-6.731858704552502459e-01
7.871589535848899644e-01
4.963201440312543511e-01
7.405510455368340406e-01
-5.955382783792426693e-01
-1.536967397092721122e-01
5.435829283343118767e-02
3.620869937635304847e-01
2.586841988632129219e-01
-1.520647745710501653e-01
-8.331443164134944013e-02
-6.380547373098213182e-01
9.613348320462955510e-01
2.801907924808750838e-01
7.832341073762028039e-02
-8.591993024407831303e-01
7.638263742843827142e-01
-6.563615958720481203e-02
-3.642258182602067240e-01
6.538995186156433270e-01
9.079553664402699731e-01
8.417641160531084132e-01
5.712407476599725697e-01
6.860059641017939303e-01
-9.718868386309791330e-01
5.380840148188805738e-01
-6.466587883848273766e-01
-5.484680971682367456e-01
-9.026505061970200305e-01
-5.614756068466859595e-01
5.123592083153365451e-01
-2.227015412173374287e-01
-4.119986204682111186e-01
7.240797831171132959e-01
8.757343081995629941e-01
-2.225486118019397441e-01
-2.199015173392115940e-02
6.934066328518280198e-01
-5.814217101013998690e-01
8.664189400052031420e-01
-2.946470558467439993e-02
4.848579601822413654e-01
2.202447814217884936e-01
-1.228904449997780812e-01
-1.870893889860052450e-01
3.194470970967775436e-01
-8.489615849780567380e-01
-8.380592741487269404e-01
-9.288405798364216537e-01
4.072450990249820713e-01
6.658502163034487609e-01
1.420513987498828179e-02
6.334838307389321077e-01
-9.614050724710150320e-01
8.142570580749706188e-01
-7.315539685699838923e-01
3.031980691619828860e-02
-7.392788434109656137e-01
-4.970658654409954025e-02
7.542581644702552879e-01
5.646549135057470359e-01
-2.390450973906790288e-01
-5.029591552231567064e-01
8.705779747543997971e-01
-8.209760246537018968e-01
2.524694421257724919e-01
7.246651415078491087e-01
1.005154475115084267e-01
7.142011451438852188e-01
-2.641438222162015848e-01
-3.075170775624938013e-01
-4.011911629509989918e-01
-3.578755393230654835e-01
3.183956699001675439e-01
2.804578722315604900e-01
-3.251821292844181421e-01
7.021550666788816120e-01
8.146151889393933310e-01
-3.367223207774341365e-01
-1.640105962612834478e-01
6.222529528570506230e-01
-9.823045896074713568e-01
1.377197883725309602e-01
6.737488739163566276e-01
-6.240619940710172564e-01
8.866587748951659798e-01
5.716804970974529443e-01
-6.981007975758179995e-02
3.017005691589995653e-01
-3.495471584432825463e-01
-1.130332455297864414e-01
-2.023253409791105906e-01
9.258906961533657221e-01
5.699528801285158597e-01
3.671402166205803841e-01
2.683138957571036265e-01
8.116093930462928707e-01
5.734064486271766015e-01
-2.468408693454415825e-02
5.105410096962610389e-01
2.735918400080306068e-01
-7.284758585237327555e-01
-7.414788768885203218e-01
-1.938701515233174355e-01
-7.535254399600708197e-01
-8.592297326433468996e-01
2.654273931168900091e-01
4.736917500216080157e-01
5.768351354543796994e-01
2.631632487169348611e-01
9.478474893117725397e-01
-5.519535435606217622e-01
1.849636329814803304e-01
-4.610342032230205778e-01
6.302001878720149275e-01
1.212945071245601358e-01
-3.375058586021721929e-01
-2.534865728980029154e-02
7.318883943371830014e-01
4.859805128936593999e-01
-8.211925579872305647e-01
6.353048664276217394e-02
1.935920188703332823e-01
5.154809657187544580e-01
7.804706857269427811e-01
8.135206429788537363e-01
-6.000286053680046194e-01
6.337936716648833180e-01
-3.703826004689014795e-02
3.313254966286334202e-01
4.454441162856959124e-01
8.386104806567049597e-01
-7.639756211146584430e-01
-4.422577892770385155e-01
-6.791361051359452450e-01
-2.376776110384242191e-01
6.472110437464451138e-01
-6.921834169042035967e-01
-7.549893710077022480e-01
-2.664198220258511274e-01
9.442859489921977545e-01
-7.412047099474561307e-01
-8.123676261175631907e-01
-8.208876154417841242e-01
5.120372810360962479e-01
-3.143754528227786782e-01
3.751973690016929819e-01
5.015965122396459641e-02
6.467055994745107839e-01
-7.972513144635409166e-01
-4.199643420851364439e-01
-4.185825195421040146e-01
-3.948346743707045192e-01
3.182853939279648436e-01
8.703234928796519387e-01
1.286784004476022591e-01
8.306958170768616867e-01
-9.776266916784326355e-02
-7.286848025453451783e-02
-2.297183543327172561e-01
-1.672706382081250442e-01
-9.319881508286891325e-01
6.223804110694053371e-02
5.240418777314519438e-01
1.179921619608006456e-01
-3.110731110179376646e-01
