2.525309792433787504e-01
9.393266609960759794e-01
-4.487271223845363810e-01
-7.336124629807447839e-01
-2.780919521150445606e-01
-1.850059322286907726e-01
9.784605401921306900e-01
1.305712896235597942e-01
3.550953190949877047e-01
-7.048730159830816078e-01
8.750343802386282288e-01
9.020253215660687385e-01
9.747592021625974823e-01
-3.723595150889527083e-01
3.406479885983786371e-01
7.956995896687462100e-01
-1.932962036674152895e-01
6.319657244712175714e-01
-8.403527909241574889e-01
7.434697878238025748e-01
-9.069533379514820304e-01
-5.635369523874267372e-02
7.675921765139124275e-01
-6.862473296221935914e-01
5.319751981707734334e-01
4.925162873066233349e-01
-4.037060297879639936e-01
-3.893562414678342076e-01
2.083999370758893299e-01
-1.052430117891056671e-01
-1.163476115259929333e-01
-9.364428782365554760e-01
-6.274898234959191967e-03
-8.943988564424898424e-01
-4.336282635538106778e-01
3.786011752772613370e-01
8.805642788342560312e-01
5.613941798273074379e-01
-7.129086762858263260e-01
6.196333816050891841e-04
1.133085872929917581e-01
-7.464983085202800961e-01
2.896712896895214939e-02
-8.952469846034956102e-01
9.327449380770738152e-01
9.162115863225939183e-01
1.000000000000000000e+00
-1.025741778097732926e-01
3.321857142348707548e-01
6.716459962078769053e-02
-4.634691387401614904e-01
-7.113896155103582863e-02
4.738578588729149832e-01
5.692577398795428678e-02
-1.000000000000000000e+00
1.113442860034525861e-01
2.575728089755053851e-01
6.914415727979408288e-01
5.746829648426334813e-01
2.713139954048693347e-01
3.555810846674798409e-01
-9.895982421054578815e-01
-8.294676204408073517e-01
6.169224520754059693e-01
-4.842551882594905432e-01
-7.843196681458433073e-01
8.456248882818566681e-01
-6.850131308320144274e-01
9.815505404424360592e-01
8.990388158967705934e-01
9.192295872079372376e-01
-3.605686957635783063e-01
5.721556893223436191e-01
8.563230044780276717e-01
-3.148228395525360934e-01
-2.269925100474807778e-01
8.510396489543068377e-01
-6.600749106580121595e-01
3.561328464444504238e-01
-8.542511543105808514e-01
-8.058282737930968498e-01
-6.535187828012938294e-01
-4.245593772702989099e-01
8.765242366406629237e-01
2.468241076060251338e-02
-3.083933264566085519e-02
1.042552956582438739e-01
9.968009749165163136e-02
8.761386424195194422e-02
6.471135684113824560e-01
-8.119440997885623013e-01
5.895030236259057865e-01
4.050470194779272060e-01
2.650048073383217684e-01
-2.980460552888796744e-01
2.391842335312457379e-01
4.055627757767668040e-01
2.311460069837418807e-01
2.841394009771966989e-01
5.292340497149088385e-01
-3.583721288693738072e-01
1.000000000000000000e+00
5.078903047839153917e-01
-5.324976123731572919e-01
3.880933223552216482e-01
-7.948568162801645798e-01
9.464871586728795805e-02
-3.667115013385815470e-01
5.284480052233246905e-01
-8.068031863461930797e-01
-7.697758791039919224e-01
6.615319064222051626e-01
8.258283296021051711e-01
-9.944418077331618200e-02
-2.339657776895960328e-01
-7.679656245123267500e-01
-6.889916168817649123e-01
-8.746193621706574994e-01
-3.726451561355867970e-01
-7.462877383916666219e-01
-3.876653463321257931e-01
6.344391084855875995e-01
2.575449518807519933e-01
5.654710298344889363e-01
6.895184036814587802e-01
-8.286834383197994036e-01
8.274206010858464744e-01
-8.270945563319662686e-01
2.348373197909991994e-01
-3.304290557741620393e-01
9.489156385531003490e-01
-2.061396048206414200e-01
-5.680079818136933856e-01
3.433790298101766503e-01
2.403280242687411139e-01
-8.290632013631782371e-03
-6.861943121530262868e-01
-3.640205892216670236e-01
-1.547450254786013613e-01
-6.759369850673586644e-01
9.173716060071386291e-01
7.553254252598844420e-01
2.327811554408842909e-02
6.274711334565725718e-01
-9.009504104344032704e-01
4.518688393826888472e-01
-2.381910989861533434e-01
2.756017387790838935e-01
5.692820655820567399e-01
-2.239855903045415708e-01
7.459942206536251952e-01
-7.943703221367661715e-01
3.240924884072184375e-01
-1.504781830981450907e-01
1.000000000000000000e+00
1.877174693033529795e-01
-5.634883801210559540e-01
-1.745238900489816114e-01
-4.801017483833935895e-01
-9.539401696392897367e-01
-4.419523785661609305e-01
6.546909992369687181e-01
4.301320146271854217e-01
-4.896773746363867197e-01
-4.881144597769087046e-01
7.774998627764031500e-01
8.120672782899769349e-01
-1.868367254078207029e-01
-5.442597853718553758e-01
-2.639084506477706871e-01
-8.120626689308676482e-01
-8.255821274016594824e-01
-8.273241872497389959e-01
-3.662237615574213123e-01
3.631002378510179707e-01
2.747193553840543423e-02
-6.333201693180885439e-01
1.000000000000000000e+00
4.547863756257117807e-01
-6.839974491171936233e-01
-7.808281469392357454e-01
-5.436698294583646174e-01
-7.086314133993647513e-01
-5.039651523010053591e-01
3.020740561917676370e-01
-7.624832494062292465e-01
-3.582617275282315994e-01
1.000000000000000000e+00
-5.303748243079249303e-01
-4.672690723870061014e-01
-3.254804361156087289e-01
-8.699473632454342020e-01
6.259125193634054174e-01
-2.712297105559298149e-01
5.389649310912596469e-01
5.827706619739896343e-01
-8.047923955689750830e-01
-7.129129408848302596e-01
-2.767675959869642099e-01
-8.813092943321867434e-01
-9.954457217253585011e-01
5.703998365887699151e-01
2.990166086252512567e-01
2.510557940549622558e-01
3.723114057794185694e-01
2.845371695785017252e-01
-8.815967457683471231e-01
-9.134497475615277473e-01
1.000000000000000000e+00
-9.860371965940868400e-01
-1.000000000000000000e+00
-1.358955924839890805e-01
-2.899889281656764517e-01
9.319699470601323643e-01
8.901591580623999800e-01
-1.000000000000000000e+00
-6.809463582908441559e-01
9.903327570026896343e-01
-5.701644072854819001e-01
-6.310112917488046591e-01
-6.779266605210487739e-01
9.864664789589745464e-01
7.137416057912413514e-01
5.841486316374044918e-01
1.705625627951334877e-02
7.452025409051366012e-01
-2.496767702020001867e-01
7.789581340613236371e-01
-2.241878657375366846e-01
8.805238038802696288e-01
-8.550458719394971041e-03
4.367499622648685076e-01
1.981937402235907086e-01
7.941909834176787975e-01
8.716323023973566730e-01
1.810995899953637966e-01
8.614826137278390750e-01
-8.156536583734037560e-01
8.244052975898430446e-01
-1.224813465157545966e-01
-1.000000000000000000e+00
4.740514077767725709e-01
-2.696533225322741423e-01
7.507384836845973908e-01
-8.408152050237096553e-01
-9.692604669523470218e-01
-7.749671739847903140e-01
7.384428820212021183e-01
-6.534315084757698067e-01
-8.105901088041838065e-01
-3.156622482270887708e-01
-4.032875690198434171e-01
7.592066769036360796e-01
7.769787753308539102e-01
-3.107593600464280126e-01
-2.625140413524300331e-02
-6.718314540610890173e-01
4.554479337965411379e-01
5.963157730920680688e-01
-2.386037053698564225e-01
9.987211636245854063e-01
6.661849570560129941e-02
4.626410661471302976e-01
-4.321447055782632329e-01
8.008545221166258887e-01
