7.922079648079078940e-01
8.654199611373176726e-01
9.720668136116101810e-01
9.797911158206049631e-01
-4.324444353596148538e-01
-2.376892467793711994e-01
2.443890953231953045e-01
-4.520055257145385585e-01
8.241303243885127472e-01
6.002537360183626269e-01
-5.917316400454453174e-01
-5.596313533624139858e-01
6.733774986679059715e-01
-4.766758703824489629e-01
2.658884913594790067e-01
5.815892843627836761e-01
1.931465708837889483e-01
-2.842998496995465807e-01
-9.202377888891599689e-01
8.440107956875264605e-01
-5.555591790075886660e-01
2.289621487410418155e-01
4.219190681802174048e-01
-1.146511549395277108e-01
-2.760042445897274987e-01
-6.885589606111488514e-01
1.398573527797382088e-01
8.021027377271827685e-01
-6.839279507483466691e-01
-4.888536174102160459e-01
-1.414755625615822243e-01
6.523172377182111514e-01
-4.616437649916498298e-01
-3.119132283203751577e-02
-7.598548745288664641e-01
-4.216026588897276994e-01
-3.027615600216762015e-01
-5.811672167396912947e-01
-8.386803585430258057e-01
-6.404380630597239499e-01
-9.469307184541997380e-02
-7.712968936582160762e-01
-5.679687622968299099e-01
2.062714891352934732e-01
-3.400654729799335030e-01
-4.417760732308850802e-01
-3.965931401441780135e-01
1.044433272113742817e-01
-6.527894609729480990e-01
2.223973453049548077e-01
-5.361543695220762906e-01
-9.198549964084574704e-01
-2.317608512171980273e-01
5.858135206225230096e-01
-7.335891678409747207e-01
-2.359060510339228145e-01
3.609477713802267118e-02
-9.446249618586042285e-01
8.409719828169366362e-01
2.039101127541034231e-01
4.981969274053779095e-01
8.788675251617661388e-01
-7.875045775641953405e-02
1.057135401149793541e-01
4.147757151163542488e-01
-4.103314547733047934e-01
9.074428235399707443e-01
3.603334191190372682e-01
6.484326654015097890e-01
-1.594850159266727463e-01
-6.052904067248552344e-01
9.311199425423142273e-01
-6.875160484567646169e-01
-9.059259424191616894e-01
3.649452315356040977e-01
7.555077003773880140e-01
-6.869885974984315524e-01
-9.488178601685626212e-02
-8.728792309882373868e-01
-1.242430632954449887e-01
8.632208063342052817e-01
-9.195493993838863567e-01
3.960282966635593205e-01
4.075160783826186073e-01
-3.753456506863976916e-01
7.617393811462918052e-01
-8.290920130106755881e-01
6.762898313052603250e-01
6.739639804032460102e-01
-5.947444714916789721e-01
2.422993284427821248e-01
7.398821280083056617e-01
-7.107761649720125696e-01
2.466168550249236979e-02
6.963041846280468850e-01
3.326599713600830732e-02
2.543146263326929724e-01
1.908675951454652520e-01
-4.861958821079093163e-02
-8.550680442186733288e-01
2.455006479757804172e-01
3.274234786934173691e-01
-3.853212462732824584e-01
4.152449911410309724e-01
-1.252747231426099006e-01
4.101564636805357100e-01
-5.617585787508283524e-02
-6.248534646225341049e-01
7.604012896703180591e-01
-5.153964466299267855e-01
1.376892331640460210e-01
1.993350034950525096e-01
4.811857875118619177e-02
7.043054038521594507e-01
-8.897535978369754961e-01
2.492329617793307417e-01
9.768995090031953321e-01
7.029663473066805057e-01
5.004641761052250892e-01
-7.804086293743370817e-01
4.622539568537020749e-01
3.629603979144906400e-01
-8.065536347822237495e-01
-9.442364952524453514e-01
-4.729400795356284437e-01
4.767558158071849572e-01
1.501407637564007302e-01
8.731032987774673959e-01
-3.823389276022362004e-01
3.970305718077558055e-01
9.833907117256133201e-01
-4.726290175800662574e-01
6.072413432993450932e-01
8.020924440757366547e-01
8.029345806112715422e-01
9.631756878049497761e-01
2.606267255907193103e-01
1.083797279002916003e-01
6.808253738955714063e-01
-4.866755101776372161e-01
-3.395659920911866525e-01
7.046542159246156345e-01
5.261492202371174098e-01
-8.973098126428251664e-01
8.948547459385454150e-01
8.963546926652832258e-01
7.871397351261077979e-02
-4.667929474211274243e-01
4.431824235617856100e-01
6.353039626816212593e-01
1.072509904692175997e-01
9.162930614959372555e-01
-9.492025948520754763e-01
-3.478642422596618378e-01
-4.554411763939978375e-01
-4.896520014458407566e-01
3.195235887845968570e-01
8.816997186313040302e-01
2.159517809427224933e-01
-2.571568400046881919e-01
1.620388822490206326e-01
9.624016857981909645e-02
6.846086474502466324e-01
6.552813175106508847e-01
-3.135917041555342788e-01
-9.377860239614466131e-01
-9.248977429861731103e-01
1.315861934196496108e-01
-5.717683078150637144e-01
7.312248249522459442e-01
-7.898713659285543365e-01
-4.329349369838288997e-01
-1.000000000000000000e+00
-9.082264223078309051e-01
6.100771520392851421e-01
-1.765380360175698993e-01
7.340261276626260933e-01
-4.314456038534866256e-01
6.605210417226479169e-01
8.905848717153963534e-02
-4.658288723385464181e-01
-4.637032115027708290e-01
9.665744413513845945e-01
-6.835290348123959081e-01
3.743266513670633344e-01
-3.382431561850829382e-02
9.014895007818715111e-01
4.658153010127112914e-01
3.202426578829362658e-01
4.693890971005090229e-01
-3.070974885603068305e-01
3.234625901862053787e-02
9.451518554870077526e-01
-3.387294324689624769e-01
6.987820971441083273e-01
-6.366623513824976044e-01
3.868192297986168260e-01
6.082007980775093747e-01
7.432138580073626155e-01
6.120410240788904943e-01
3.766872339102556033e-02
-4.450157674489496618e-01
3.155837284408669063e-02
5.826659424396134490e-01
-5.556593401003862009e-01
-5.995441812235484669e-01
-1.414868162936389062e-01
-5.764751617263852435e-01
7.048155954325798778e-01
-1.468359884091148260e-01
-5.139504868707702734e-01
-1.963151043512270100e-01
-4.916889660922940664e-01
6.903343086165683040e-01
-4.063427681188878093e-01
8.462090438467262388e-01
2.427082670084068639e-01
-3.438492665188503938e-01
3.697924365633507016e-01
5.372375113654004330e-01
1.412909858431108390e-01
5.403053803366228980e-01
-6.892756905557120284e-01
-1.715510634979946492e-01
4.936301116471153438e-01
-9.238412945815053234e-01
-3.291532666943779439e-01
6.091312749517041603e-02
8.779669382992911775e-01
6.015138524876333381e-01
-4.307716437537578713e-03
-3.149020354005287459e-01
9.482116096738446576e-01
-5.246225994077935439e-01
8.872016765216916845e-02
2.333678486355026394e-01
2.390177831327622293e-02
4.974848424949047665e-01
1.468517272332923174e-01
-5.036229947341939184e-01
-3.727621956191404795e-01
-7.187372206953415166e-01
-6.507888112786799351e-01
-9.463989405542052591e-01
5.204944049235569192e-01
-8.499119878696563823e-01
-6.852358705646024450e-01
1.493073425535376142e-01
9.180825699467785039e-01
-3.259370910760450712e-01
-4.139845951614722352e-01
-4.529725034652296589e-01
1.720908690916025385e-01
5.937338296933776238e-01
2.555713267429231550e-01
-2.726259525473262446e-01
1.833061490769074542e-01
6.090380737020522073e-01
-2.328961986088919911e-01
-9.625201887761531960e-01
7.134723052364171370e-01
-5.471357496981166246e-01
7.527654223218078755e-01
7.347804136226392391e-01
8.359928407698267172e-01
