1.847514973788393355e-01
4.701752175543136847e-01
-1.300949374655651081e-01
6.738040211866422879e-01
-7.643270648032254311e-01
-5.529346350460455639e-01
-8.969006626093998236e-01
8.313698678976753076e-01
-9.076238515417989206e-01
9.947215144488819050e-03
-9.814812232823297844e-01
1.612136902140051120e-01
5.327223684414361671e-01
9.485223549325867420e-01
4.391203049084162480e-01
-2.874658825931404316e-01
1.878444767177354091e-01
-1.465990653717657022e-01
2.100172108887359279e-01
-3.524744852377548199e-01
-5.644994576151189936e-01
4.041619192233805169e-01
-3.354732562220226200e-01
3.577591469559715520e-02
-7.048731967463406356e-01
-1.006132823938132859e-02
-6.868668055356466073e-01
1.536707112865798308e-03
-3.184962193576137413e-01
5.376458960577712443e-01
4.749747460118878273e-01
3.233691716881059719e-02
6.132473801716384898e-01
5.812406020402516305e-01
-8.669754282298889336e-01
8.074758035652933597e-01
-7.194705367957112685e-01
3.485596964398489650e-01
-7.911839793276547184e-01
-1.743611418193742324e-01
9.937618127787350986e-01
-7.865791217576620920e-01
2.180496384997749892e-01
5.875889601656223427e-01
-7.733569538938889210e-01
8.092655719639467726e-01
-6.502961730262732942e-01
-9.742875317254990897e-01
-7.075418458430018376e-01
-2.578052342563708077e-01
-2.042269146732633711e-01
9.464291910663302776e-01
-7.369659348991572934e-01
-3.398105924177450277e-01
2.835329891120594858e-01
-1.240834605959173498e-01
4.683034004708588327e-01
2.179325611324647305e-01
5.442730433822111635e-01
-5.729727008242064823e-01
-6.483377443609124047e-01
3.589509606933483088e-01
-8.459733599076797450e-01
-9.055256401290945334e-02
1.509855695107682472e-01
5.501368650467548527e-01
3.454185299506005169e-01
7.467269477987090731e-01
4.061414974962285207e-01
-7.203757391328835524e-01
-6.303942350841909015e-01
1.871611832104134177e-01
-2.895208168382319425e-01
2.730116149807513271e-01
5.607331394657120160e-01
-6.157322561911005021e-01
2.560761226311560890e-01
-1.103301552070752312e-01
9.723835507703595393e-01
-2.869789478981956687e-01
-7.323092253923793038e-01
-3.055407135783019257e-01
6.061386295027111348e-01
-9.438017669087990225e-01
-6.910263965696730182e-01
5.516021766141157023e-01
-9.024393172354090442e-01
9.924383225600745817e-01
-9.595570869360692257e-04
6.164310707156535063e-01
-2.266143839553869110e-01
2.790570900016255962e-01
-4.086098942524745148e-01
4.432603533941805729e-01
-5.673029344149951303e-01
-5.779283457813284564e-01
8.779599190844722401e-01
5.224440317688501256e-01
1.633729226665510126e-01
-3.379533145901900681e-01
7.283697529365107393e-01
1.336317296903266616e-01
-4.376520508926402542e-01
4.771153305823303548e-01
-5.940766138945892116e-01
-3.920612136542214188e-01
-4.032151582339944529e-01
-8.842474014437717855e-01
-6.257987957166946114e-01
-9.625600453288891689e-01
8.813931379700208346e-01
6.724396284350280251e-01
3.754413454417286911e-01
-4.303515688179548881e-01
7.897170842523322243e-01
2.924378585943783193e-01
-9.185645595789007078e-01
5.244469678658669753e-01
5.667802216421549133e-01
5.696899769577623562e-01
-8.320785234452161561e-01
-7.395638481980422174e-01
7.735240014779796169e-01
9.873245294892454282e-01
8.335254696983953604e-01
-3.426213200902155087e-01
-8.129196905969275910e-01
-1.027979912777257088e-01
-1.595261549148510039e-01
-9.777803693613329461e-01
6.808840000757934163e-01
-6.781468090330990961e-01
-2.989552205752896707e-01
1.452922676783610090e-01
6.638568255690775466e-01
-1.999989694079529201e-01
-7.977606693529479820e-01
-1.744957962599897883e-01
-1.619001324707034506e-01
4.376768154638412955e-01
1.149706974592648034e-01
-8.114597010969226698e-01
2.602851640192467286e-01
1.703090896415839772e-01
5.098135745127425622e-01
-9.366673676596239950e-01
7.210136399911861727e-01
8.739544912663848031e-01
-9.122615994563916253e-01
-2.441760325206747684e-01
-1.211487735676808342e-01
1.947281340727302634e-03
-9.412978619846281703e-01
-2.038007415589588867e-01
5.399634654333573813e-02
7.934920358006729568e-01
9.450470130663712887e-01
-4.776888198385609297e-01
2.587896416523700616e-01
6.302128442705468014e-01
9.016142408022689292e-01
8.013932179214959817e-01
-6.898801563614052057e-01
7.520926226011732663e-01
-1.206533540644398883e-01
-4.113046476478661173e-01
3.428271959319031392e-01
8.009304795403817678e-01
2.800428155792240581e-01
2.553901299511855960e-01
8.938555830947159109e-02
-2.828055189497196142e-01
7.207552873584099906e-02
2.894363980988556850e-01
-6.657169364312884863e-01
-4.495393578842414861e-01
-8.007788321154027944e-01
5.858196291181161364e-02
-2.406358485176596229e-01
-7.230600822513577608e-01
-2.427171608987765961e-01
9.495938295497035053e-01
6.513138818486052806e-02
8.852368299476311986e-01
6.854015964054893661e-01
-3.956983846527057924e-01
-6.684170438003069759e-01
3.600794143018384297e-01
-8.566285413213405864e-01
-9.190755141188509114e-01
-4.252807437478549613e-01
-7.478915477848711024e-01
-1.984113548996639942e-01
3.094182056620640164e-01
1.303726448220605683e-01
7.934823796921273154e-01
-9.310736608719418772e-01
-6.466334306888359418e-01
-1.866954633913284756e-01
3.441096855858860604e-01
-5.022955538059432623e-01
-1.176175021727390302e-01
3.785117626595586593e-01
2.909661520413671099e-01
-6.585683906709469682e-01
6.895913774313462419e-01
-4.633093025776813256e-02
-6.954593616533419898e-01
6.465038083141447789e-01
5.927106044523717809e-01
-6.082332370362779628e-01
8.243568948184369916e-01
5.352174593337180042e-01
-2.843654075765531530e-01
8.548014833257067124e-01
-2.025309131606696234e-01
7.278163314637364767e-01
-6.527628882280953615e-01
8.463976522576330819e-01
-7.982130948807855120e-01
-3.712047898674923907e-01
-9.000703920153196869e-02
4.472683857577026689e-01
7.542872988712623350e-01
-5.131472092697022536e-01
-2.588106220161825455e-01
7.012137959707389623e-01
7.583914230328003825e-02
2.603130117065861615e-01
2.355018017144892006e-01
-2.643877297747552202e-01
-7.449162301779239659e-01
6.222707078245703904e-01
7.277927999993316632e-02
6.709388389330961378e-01
-6.269971851514366534e-01
4.102407832944523491e-01
-8.579426234496785320e-01
-1.797495412978893370e-01
3.040660914525692426e-01
-5.624671339225086886e-01
-6.679316433610726911e-01
-6.455200259704365617e-01
2.039833009975700051e-01
-2.856738497124524656e-01
9.572843497120226974e-01
-4.043321039194998079e-01
-3.266872785872227958e-01
7.987402244046295507e-01
9.193781652985013597e-01
-1.740649390198019120e-01
-5.580269170702163439e-01
-1.506218889448989184e-01
8.666866630369838287e-01
-7.834165422823131664e-01
6.470409166357231623e-01
6.047142781541170464e-03
-9.423113633872193251e-01
-5.307549630326739987e-01
7.160136774090903877e-01
-9.150282773587892216e-01
4.006656120154770129e-01
2.995553887359347911e-01
-4.838660128577669806e-01
1.965465549759202180e-01
