-6.580566902685103248e-01
-7.288484960248056144e-01
4.672327452512419210e-01
8.156274850157005929e-01
-2.914580148636840562e-01
7.002278636005656587e-01
7.432848729743952720e-01
-5.129205073338283238e-01
1.000000000000000000e+00
1.000000000000000000e+00
1.893259087528254003e-01
2.303341418716433608e-01
-4.976599066981222119e-01
-3.130962676642266018e-01
-9.279736770710043103e-01
2.707580445197086405e-01
1.000000000000000000e+00
-4.991006660575814102e-02
-1.816655913892490926e-01
4.704146716602798373e-01
-5.294712763874751538e-01
-5.684246593060806596e-01
3.314123683238401341e-01
-2.825120866386066076e-01
9.912304612565392414e-01
8.459835800470705269e-01
2.965165987096962108e-01
4.827028891241373909e-01
-2.779205310244294846e-01
5.582281971793137121e-01
4.363382068646575185e-01
8.033840870562851677e-01
5.718893247728606966e-02
-7.506829563959140916e-01
-1.849527044022889477e-01
-3.831460422464987303e-01
1.719188009398346928e-01
-2.604583330704741684e-01
3.855990447939210419e-01
-6.163198034668004865e-01
7.527017474994914803e-01
-4.706111360823792555e-01
-1.579757639583745377e-01
-3.014033547116186096e-01
8.063166950541442723e-01
-9.816686956236275741e-01
1.547299575138474381e-01
6.986004072769826934e-01
-5.607623263833423355e-01
-1.685630678643961211e-01
8.269922179146722563e-01
-6.294290389913648198e-01
6.935995485971626628e-01
-5.881842429922838900e-01
-9.470820792463392479e-01
6.683151252982026946e-01
-7.636594419682023460e-01
-9.892851231609112173e-01
-3.697229832393098548e-01
-4.258643192238567021e-01
-3.136823522977472689e-01
1.456590839171070240e-01
4.369162114964355581e-01
-6.918255558244882364e-01
-5.306734724780652890e-01
8.095280260369370762e-01
3.132111683489033904e-01
-5.514686530955587029e-02
8.367112452885241414e-01
-9.287030089993160153e-01
4.967221519798861173e-01
-6.105474469612557353e-01
-9.887815519373761575e-01
-3.408523778025098760e-01
8.395342575200803736e-03
9.520585146973683521e-01
8.682118057040864034e-01
9.473812962141341387e-01
9.182242028294520519e-01
2.890103986005989611e-01
-2.953254286430360143e-01
1.159682401220811787e-01
9.950243312144206875e-01
-5.014692704081236130e-01
-3.351735609683044181e-01
-5.945642074208201677e-01
-8.097278102413585366e-02
9.330711723730948925e-01
-3.128518767092292041e-01
-1.522418543456296458e-01
2.032290602841375637e-01
-9.645620998673134494e-01
-5.362928090890910493e-01
8.955021605167479137e-03
-8.948669729179772325e-01
-8.854714562493328778e-01
3.830978798289539355e-01
7.760852676315637133e-01
-2.918390315112540101e-01
5.774987928879262711e-01
1.000000000000000000e+00
-4.003067399346165178e-01
-8.673087505224574834e-02
4.581910591057722915e-01
-3.603941220536888146e-01
4.891330395438249212e-01
-9.533660693429149013e-01
6.330658297278441982e-01
-1.634756893863689164e-01
9.329439751305734774e-02
-9.411520270012536660e-01
4.557040456001795192e-01
5.124083979369666864e-01
-2.503960134245941660e-02
7.686277660792619759e-01
-9.173615296692274601e-01
3.708463190126924935e-01
4.139443557260957807e-01
7.065699749970015819e-01
4.993746507690126624e-01
-7.076544245754652351e-01
5.563197526117624747e-02
-5.301211974046364794e-01
5.312927145730368395e-01
-2.585106032499242534e-01
3.297827100667607425e-01
2.456496932337783878e-01
5.783280843065867760e-01
-8.087774456978564785e-01
-2.331673057011629524e-01
4.492124529124228438e-01
1.556225667216684094e-01
9.549833297693373080e-01
-3.692123305166967739e-01
6.640008749647556829e-01
-1.000000000000000000e+00
-6.823089886482816002e-01
7.235528857170512307e-01
5.227346495354581180e-01
-7.859059992143120343e-01
8.075799441789954791e-02
8.805673576339274611e-01
-3.592473115567184627e-01
-6.690301059019727603e-01
6.643220187608984695e-01
-4.773022524165344560e-01
-6.014390050595816994e-01
9.893072191734999521e-01
-1.000000000000000000e+00
1.262154031060069848e-01
2.215685760517036584e-01
-8.678976430484619531e-01
-9.367478504227984004e-01
-2.901615565369080052e-01
5.166379897933899290e-01
9.519339437365759160e-02
-9.213461507205935597e-01
1.086464946512724072e-01
-9.370979519435812533e-01
-7.959544913024136914e-01
7.499411401074440597e-01
-2.758976523817557869e-01
-6.357142808309710347e-01
-9.350469191675876424e-01
-3.605565676193385194e-01
8.470843637172975615e-01
-2.166113683652173272e-01
3.327873293247802788e-01
9.137395180588663290e-01
5.974368926648276901e-01
2.871000374251557741e-01
-6.603723483230778957e-01
-7.893919488199456769e-01
4.026690788947233646e-01
-8.109393456201965389e-01
-8.330641278747799028e-01
-3.878308678913018337e-01
1.199327855050391634e-05
-1.866704318828542597e-01
6.998310074182723106e-02
2.399485135824361848e-01
-5.318801845951570684e-03
8.924076578518209679e-01
1.374183229282914809e-01
-1.330303870188782600e-01
1.000000000000000000e+00
3.599389496533444976e-01
-8.945937438680109377e-01
4.540067888827126197e-01
-1.537415555598481420e-01
-6.363227423840511765e-01
6.080883808676904589e-01
1.359424796279471437e-01
2.307449295384396137e-01
-9.804953972805336981e-01
-3.994552279054819355e-01
-3.057349959323107380e-01
1.536746014180234710e-01
-5.352487710022024725e-01
-7.376269978089529111e-01
7.285518911249821983e-02
2.635740853158967667e-01
1.777578166898272638e-01
5.845065965897406901e-01
-1.649271511019303471e-01
9.073795125426422636e-01
1.839451688159086107e-01
-8.077780210929459415e-01
-8.310156137854274316e-01
-6.697288629357871503e-01
-7.444092454763009403e-01
-1.000000000000000000e+00
-9.021147848679735848e-01
-9.771184845685829679e-01
-5.010460512041576830e-01
-8.916568829226747539e-01
-9.638482599291651187e-01
2.866143600898680699e-01
8.786136682124849884e-01
2.844115849216204417e-01
-7.247549575192502314e-01
-5.504534910382232749e-01
-1.585585541836584955e-01
1.429316920664429613e-01
-1.000000000000000000e+00
-2.116454868239091847e-01
-4.258439286463795437e-01
8.023316574899546083e-01
2.858628858545636531e-01
-7.241852653168230347e-01
6.468652485712218514e-01
-2.782936681825327607e-01
9.435472212334989894e-01
-5.644223258280376410e-01
-6.431307396372918372e-01
1.243742108706258342e-02
-4.769231390367933976e-01
9.582201613480809677e-01
1.755652263431950466e-01
4.340624670532313711e-01
-1.000000000000000000e+00
3.742847098450603482e-01
-6.953507884303289366e-02
1.918750192145510791e-01
9.986178296533594345e-01
9.001927391085096097e-02
5.259113502337375845e-01
8.196420932751635746e-02
8.496050193859043809e-01
1.139670329490405365e-02
4.087012549634383429e-01
4.337091875754965908e-01
9.080257939396239042e-01
-2.050410675849523301e-01
3.221056281294372159e-01
7.754941207421484073e-01
-3.029139958436932734e-01
-8.301656347688630699e-01
7.846580729564620604e-01
-3.222806876806119103e-01
4.478828880416840796e-02
-5.457480247429824516e-01
-2.533528085035163802e-02
-7.235669818126477804e-01
3.457001804820694080e-01
