6.279279316166876956e-01
-7.519857307771840027e-01
-1.553717463967703161e-01
-8.359630053038480391e-02
1.000000000000000000e+00
9.392340192529458065e-01
-3.146234963014145070e-01
9.097639558386851899e-01
-5.388047444210395387e-01
-3.806144139958584915e-01
-9.417724653898840170e-01
1.454979674383236610e-01
-1.140693722814221100e-01
1.253896566476511154e-01
4.592281246095584191e-01
3.012076777158152474e-01
6.435304340236083220e-01
-8.129157271770779403e-01
-3.730052263199283846e-01
4.467430931026894481e-01
-8.983649560422898306e-01
-7.415490984610768610e-01
-5.919835873114036584e-01
-4.262966923097830652e-01
-2.997183354365244856e-01
5.268464386188886905e-02
5.173883625775377304e-01
-4.851326932111610368e-01
-6.794650199531218071e-01
-9.328572343324395000e-01
3.262160912424150183e-01
7.691609247631028268e-01
8.411803382735421053e-01
-3.944638925611365643e-02
3.825026733911340848e-02
5.171145558072076653e-01
2.502736904931408546e-01
-3.890356053669796754e-01
7.406121867409484194e-01
7.591633338589460767e-01
-6.083679087453561785e-01
-9.538565314394438222e-01
-8.898213800567624787e-01
-6.324509634980792772e-01
-9.178495740545979942e-01
-2.556402665838102273e-01
-5.936377641126666660e-02
-2.895257155770223356e-01
-5.495678727021415799e-01
5.218640205173183944e-01
-9.129734517442928965e-01
-1.403481419479535308e-01
8.614900450097870976e-01
-1.000000000000000000e+00
9.888270502683391694e-01
6.089870860774397876e-01
7.330525418634007417e-01
3.321622529310936933e-01
-1.803539352198861856e-01
-3.833207271857519416e-02
-8.770027589446753868e-01
6.124756774505057955e-01
-5.779915502355901236e-01
-9.346411412175366085e-01
-1.814966512177865199e-01
-6.615418295510699931e-01
7.281665192417046129e-01
6.116897803648351228e-01
-5.707489853304379412e-01
-8.805125046612238826e-02
-9.093733228545370917e-01
-4.040252343332706442e-01
4.223659496493117338e-01
4.840130847781169976e-01
5.527688603919271859e-01
7.194774921136504187e-02
9.238713002518237349e-01
7.492406174237604688e-01
1.719316485837341091e-01
-4.281195876431254099e-02
3.309529947564393559e-02
8.734208502294213972e-01
-9.295270321625570542e-01
-8.633058984932884261e-01
-9.477926021634477394e-01
-8.640875566089987192e-01
4.950780242795049801e-01
-6.087686286429744298e-01
7.779580294837229459e-02
-3.097785992462631643e-01
2.375895227732216508e-01
5.726039734039936047e-01
-3.137348225486649156e-01
-1.000000000000000000e+00
-6.840829569668700483e-01
-8.888826845904218565e-01
-7.857600298617537504e-01
-1.773115290173137293e-01
5.339667204467724027e-02
-1.451739273763548166e-01
-6.971341270478041974e-01
9.470127343498491168e-01
-2.661678578386246219e-01
-1.754917339023138734e-01
5.908675311491784488e-01
-6.787772262971685233e-01
3.159780977647246303e-01
-8.595176733570184524e-01
4.726959986454377649e-01
-2.584268221554182343e-01
-1.305544617669265328e-01
-3.807069098938395957e-01
8.376310912861839597e-02
8.126281331542763997e-01
7.211670265161351789e-01
-1.000000000000000000e+00
-9.847849092981009189e-01
-8.773551413874560723e-01
7.651104364240850497e-01
7.900671944126183011e-01
-1.976240764841348252e-01
6.564172081563242056e-01
5.033175139923147245e-01
-1.439608080173633287e-01
8.074372962976021917e-01
-2.174688828948878605e-01
5.926439051698162430e-02
-6.894820174635540866e-01
1.000000000000000000e+00
-8.538386002832143440e-02
9.274403622597378050e-01
-6.855488557107274339e-01
2.294158148524978458e-01
-7.429673859837047090e-01
-3.548497467917559600e-01
-4.631705116470439254e-01
-3.435376295435861316e-01
-1.000000000000000000e+00
3.480346655333814709e-01
-4.510252655444977332e-01
6.610532145974292728e-01
6.695363794830690995e-01
9.465223988771276353e-02
6.934683763972169235e-01
2.803080141233191824e-01
-5.973673626852911145e-01
-7.129956089061517677e-01
7.830639270635548765e-01
-4.232383497258251914e-01
5.132713184219193092e-01
6.029599855383607210e-01
-3.020099810414493824e-01
-3.129391094715909816e-01
4.965025823854429810e-02
-2.594923659692671691e-01
-5.161800468100057326e-01
7.955295137599365241e-01
-6.299526266988928480e-01
6.378601935231942299e-01
5.684434525405761551e-01
-9.892817495944716821e-01
2.106060049184064198e-01
-8.515327841385731400e-01
-4.402372355167052387e-01
3.378103288429403772e-01
7.518386057183230609e-01
2.776346769630975153e-01
-2.427896032755856304e-01
-7.560450453314479513e-02
9.340843321271228294e-01
-6.958572199233445943e-01
2.658723659240243009e-01
6.331804183630507232e-01
5.205704395157007003e-02
3.058310115475415536e-01
5.979455641897457596e-01
5.872789429946101425e-01
3.086992346193332404e-01
-6.025398487128119651e-01
-4.798693552108890259e-01
5.559251973476131425e-01
-1.365114872509027855e-01
9.815096939940648468e-01
6.992197918651238409e-02
-9.863720224711733930e-01
-1.000000000000000000e+00
3.244107575590208237e-01
2.881755255219642375e-01
-5.892908374332463950e-01
8.220066461272956815e-01
-7.618946745083250427e-01
-4.654379809209818752e-01
5.876277770831622727e-01
-6.632040067611428835e-01
-6.810580294626128461e-01
6.177643518170485848e-01
1.244190725227618533e-01
-8.653941328962129198e-01
3.843600465075747152e-01
-1.003838789004005694e-01
6.226609823397759591e-01
5.877515697448214560e-01
5.288616547335041052e-01
9.942259871638017277e-01
5.949136119983862159e-01
2.468746572920956783e-01
5.330372130414600118e-01
2.593277066532448938e-01
4.237805953191766672e-01
5.491371850941308974e-01
-6.449441843087779791e-01
-2.060497282826485588e-01
5.256962843984058775e-01
-5.904481533707768293e-01
-8.562435465668428725e-01
1.546240802256970692e-01
1.000000000000000000e+00
4.403960493927248088e-01
7.016269086439639313e-01
-9.278767411753008343e-01
-6.639342496441773545e-01
-7.877441914871756712e-01
6.308330994163342531e-01
3.588395912444930502e-01
2.592182537784342156e-01
-7.022285073835421443e-02
-1.924020293411718985e-01
-3.775115898375007717e-01
3.499647124712503832e-01
-8.506807635405007062e-01
2.925741544086628565e-01
-1.916904586766783325e-01
-5.713610900591037378e-01
7.349981007370949282e-01
5.842111165983601140e-01
-8.084970727036970839e-01
-4.036725286733540141e-01
8.085900480832404202e-01
3.741759837428759727e-01
8.001906148870556734e-01
1.264981611070365997e-01
1.000000000000000000e+00
-3.626377085393206468e-01
1.661063186562568017e-01
1.864652941348241555e-01
-8.493303200891269000e-01
9.873033360505267808e-01
-4.543107450187087171e-01
7.638571328749921285e-02
-5.150761802531268474e-01
-2.419660852618306102e-01
8.537784009330602331e-01
6.330456703610365388e-01
1.000000000000000000e+00
7.903069156801014739e-01
-8.507995944627360085e-01
-9.263844289816991484e-01
4.445162484108362566e-01
4.868105549260226539e-02
9.204791320810052913e-01
3.351876979655419309e-01
2.651374685927754271e-02
7.004938656740857805e-01
-4.626887902745544512e-01
7.718136170317912992e-01
