1.217762088975240520e-01
-9.255421732330979534e-01
-9.019612511635330954e-01
6.001536848441872962e-01
-6.651952294429452905e-01
2.898175608914477230e-02
1.104786914280282417e-01
9.875536744119421950e-01
-4.964207486790213064e-01
6.701616555655940388e-01
-6.567068307824073248e-01
-7.748244578309493313e-02
-2.489971405121378378e-01
-8.126075639104985981e-01
4.275186199913496576e-01
6.021329152872529900e-01
5.821903140385655817e-01
-7.965274199834557756e-01
1.686909202636033278e-01
-9.795329561518457684e-01
9.702969652581134863e-01
7.436496337258013956e-01
4.676527730421597973e-02
-6.649635603425276820e-01
-5.240263494381747211e-01
-3.507453430306874953e-01
-3.915397006437149052e-01
-6.814108408696246677e-01
-4.196797317220848367e-01
-3.355396681060436315e-01
-9.173911281778448501e-01
9.673389854988281300e-01
-8.986497074520667372e-01
-6.266209742800938898e-01
4.375740428597572063e-01
-7.300691371167244981e-01
-6.667118929583599751e-01
-1.747341808801627927e-01
-2.722814446704682201e-01
2.850381142210081098e-01
2.131102547691516857e-01
-1.661671902945849322e-01
1.342837573576807220e-01
4.392190546902490222e-01
-8.450814332523437500e-01
-5.364980209495724406e-01
5.797169668572395018e-01
-3.462782599453073651e-02
2.534490003334968211e-01
-3.696114261251424171e-01
8.079137069126263171e-01
7.554803116281352260e-01
-5.823906872895958653e-01
-1.000000000000000000e+00
1.928927679281871033e-01
-1.444656135847208756e-01
9.928583343096659686e-01
-1.000000000000000000e+00
5.767923972125300613e-01
-7.616857580035818476e-01
3.633609672309285887e-01
1.992310237777779047e-01
-7.590003666175926256e-01
8.157474390218228955e-01
-8.598526000919357593e-01
6.411441254782743737e-01
-1.000000000000000000e+00
8.798761791867706350e-01
2.123926395505204567e-02
-7.089546279172005416e-01
3.106200657461324344e-01
3.626875402899483181e-01
-3.210981220734645536e-01
9.805485787894674399e-01
8.531450022071116468e-01
6.323671190260162778e-01
8.012926790912578978e-01
-2.257264280506772192e-01
-6.857673370301602400e-01
-9.613094079291806260e-01
-9.554378442635196311e-01
9.949682977113858406e-01
9.683967899458190143e-01
-5.376961362708283509e-01
-8.778310733778171837e-02
-1.000000000000000000e+00
8.566655722236765635e-01
1.000000000000000000e+00
3.687692049223925128e-01
1.323389510450376783e-01
5.420909834193032850e-01
-2.474637184458007289e-01
-4.769630873237524771e-01
1.000000000000000000e+00
-5.963335018392286191e-01
1.000000000000000000e+00
-1.000000000000000000e+00
-5.491059041939483354e-01
-6.846638205717860970e-01
-3.093897531120060052e-01
1.849605100295625970e-01
8.620561697754612895e-01
7.250885809136153881e-01
-3.311044678901873262e-01
1.057456627581883080e-01
-3.302929660549926982e-01
9.924783308385700664e-01
7.795187182511109647e-02
-1.000000000000000000e+00
3.468170522820659407e-01
-5.529197574997610776e-01
-6.370332704885868225e-01
9.521912588264975774e-01
1.000000000000000000e+00
5.189886922450495099e-01
-7.471648734516709300e-01
-6.663757077211680535e-01
2.608388680360040901e-02
-2.385712554120031914e-01
5.504266511095933234e-01
8.117645675818803142e-01
-9.241138345797912379e-01
-1.000000000000000000e+00
-8.068125769414709048e-01
1.227945063537889681e-01
-3.632665779264614425e-01
3.761014489480336564e-01
1.000000000000000000e+00
-9.629551050032185699e-01
-6.491704295290570137e-01
9.173888388241220326e-01
6.363643011450879072e-01
8.683595676572355426e-01
-7.239659950555241696e-01
5.991849266685822517e-01
3.349684610515586414e-01
-8.101498678196705772e-01
-9.173500718770271067e-01
1.000000000000000000e+00
1.000000000000000000e+00
4.443728655570715058e-01
-8.322451604657985502e-01
-8.063158502395340044e-01
-9.462735811471187919e-01
-9.931607417201329113e-01
-6.219323846424846813e-01
7.323146569475236234e-02
7.626463772893119497e-01
9.914989733917671799e-01
6.964335510602601698e-01
-2.603088372352768687e-01
-3.481463734200942461e-01
7.482267358471061947e-02
-4.907965268451541796e-01
6.196535278408157321e-01
-6.620931271174523847e-01
8.486138311667932310e-01
1.673248572062755457e-01
-2.964279104290350464e-01
-5.398740586763497440e-01
1.451619565039039550e-01
-2.045834962738308782e-01
-4.414909385765528604e-01
-6.409862385816487151e-01
-9.410773697325187648e-01
8.090916961359722048e-01
-4.990147840875645002e-01
-6.979065118807945556e-01
3.405842467423045861e-01
-2.571523519465146457e-02
-3.257200162569025004e-01
-9.467543528037607459e-01
-4.307665591907390290e-01
-9.316342456402044725e-01
-6.540549298196816075e-01
-3.844390528512953153e-01
5.336662986253370988e-02
2.891774170968428592e-01
-5.432226892609495206e-01
6.418371782491928412e-01
6.217460205497478132e-01
1.518594155727610584e-01
4.814884327630599703e-01
5.542468057692657712e-01
-2.291133527946072057e-01
-5.779813791547454560e-01
8.555234598727461393e-01
7.349987177378989323e-01
-7.773266484117022923e-01
6.627154501326197877e-01
9.030446567925154433e-01
-1.247613674239809178e-01
-8.641833011908859330e-01
-8.313423331802265448e-01
6.762341010351744508e-01
1.289854303381410272e-01
-2.179855274328545978e-01
-2.034341793510732743e-02
-1.018913192204884410e-01
-3.199461904833478254e-01
-5.340701371342919668e-01
8.553278855168848782e-01
-1.784962514105437048e-01
-1.178016098254080490e-01
5.583560884850855555e-01
-2.500203948213088889e-01
-3.315472422246190654e-01
-4.695976190296127228e-01
8.143182079368780357e-01
-9.216179414037213302e-01
-7.769819439931027194e-01
-1.000000000000000000e+00
3.606045062577751814e-01
6.617175116503350996e-01
-1.993238466081648230e-01
-4.699105150186688729e-01
-7.324413759372792043e-01
7.055364217637245527e-01
-6.748101676278348560e-01
-3.283131562854442187e-01
5.394808996555473524e-01
-7.210345150580224072e-01
-4.086745625674581550e-01
4.031460639856388473e-01
-3.203384939604037029e-02
-2.291802091952091502e-01
6.644953543979896793e-01
7.851950880218128148e-01
9.939982695961601111e-01
7.734481042781824467e-01
-2.909976953267756627e-02
1.395503339065418125e-02
2.535061889097232068e-01
-5.255340049454420015e-01
-2.445570852965026631e-01
-2.225927309347122129e-01
5.836493979771673057e-01
-3.674176354595826144e-03
2.397469555966720289e-01
-1.930455240135042771e-02
1.011554664078364585e-01
8.646639707665979557e-01
2.946409242650986915e-01
2.445830387693992414e-01
6.742846027673721210e-01
-3.044935527394247998e-01
8.491507139337199916e-01
-7.274586192290626308e-01
-2.245588710991195391e-01
2.618106805917845836e-01
-1.854502467959189271e-01
-5.404472955281502955e-02
3.420455679842482333e-02
8.441991040630820731e-01
7.861647381222127695e-01
-8.101406644746937946e-01
-2.552133059634598133e-01
6.113202339049037537e-01
-2.455963254505377780e-01
3.020217182565267944e-01
4.388398130201813796e-01
1.750257118100965736e-01
4.373771716167691448e-01
6.631770040543361056e-02
-1.000000000000000000e+00
