8.057806424373514798e-01
-3.162689530083822032e-01
6.124791408984371355e-01
4.372915070519416414e-01
6.868079323385840596e-01
-7.484804663089359433e-01
-7.326786306232691004e-02
3.122249746205150167e-01
-4.190391720299369016e-01
-9.164528177982131929e-01
7.179040921593806690e-01
-7.045506623182677952e-01
1.678100217709643793e-01
-2.314326218419995307e-01
9.452977317304995797e-01
-2.759070073742011520e-01
-7.907659660732022644e-01
-8.414486084468735250e-01
-4.964734151412280028e-01
1.000000000000000000e+00
-3.868777312704299032e-01
-2.324956201383425736e-01
5.733464774842660372e-01
5.361198590933247132e-01
2.522230966094722859e-01
8.423814314760107447e-01
-8.957461746717148010e-01
-5.276139054915862658e-02
-6.519768675657100498e-01
9.249501320890378686e-01
-4.790787426509479641e-01
-1.624132566462375138e-01
-2.690150664583221621e-02
-2.549352256087464852e-01
-3.371819073332087413e-01
1.186403765392649579e-01
4.783523274168808292e-01
2.874581272440088764e-01
-1.532807517273038211e-01
3.766505009739797849e-01
2.505270895763802574e-01
-9.410449880272213630e-01
-9.959548572608367678e-01
8.697424725130553647e-01
-4.500002501466460192e-01
-1.146704103264064578e-01
-1.065757572746464099e-01
-4.930555573017447735e-02
7.502795459529587596e-02
6.796681294510675819e-01
-2.967051342120758939e-01
9.637384781411952872e-01
-1.398338850558303870e-01
2.965392280554035587e-02
1.000000000000000000e+00
8.485530906497285031e-01
3.680445105908131675e-01
5.303530510964038491e-02
2.375840887933040602e-01
2.163568526039970352e-01
4.337318506223721837e-01
-4.612460574748535880e-01
9.029639473554817997e-01
7.408159285282185369e-01
6.266007533199491331e-01
1.307883678708201547e-01
5.759826275917294680e-01
5.475504915880271550e-01
6.194558915675474342e-01
-6.449812702195878433e-01
1.552069263556945522e-01
-6.251481264842970731e-01
1.658702259720175043e-01
3.810253577842641626e-01
-6.276018910814600282e-01
-6.981687617487828401e-01
5.801117861269780018e-01
1.610412004027692578e-01
-1.000000000000000000e+00
5.327554305810866531e-01
-5.979412330579219059e-01
6.061449831476168892e-01
-8.772799384251785959e-01
-8.477612583866993567e-01
-7.283270148498628416e-01
-6.962403436581596772e-01
-6.467032298394836953e-01
-5.611372753862828855e-01
-8.571257831716012632e-01
-4.074817132415597953e-01
9.536900976107636208e-01
4.407257429444426666e-01
-8.174372346078211393e-01
-6.866321218888422617e-01
8.940302522613354785e-01
-9.034633180989137813e-01
-1.000000000000000000e+00
-3.801145766031728268e-01
-2.434733768774731688e-01
4.325390538697635456e-01
5.549293844971645573e-01
-2.634036223954722145e-01
1.589610929216491719e-01
-6.769656512267567816e-01
3.572278287173926703e-01
3.357795405849197667e-01
-4.888604173036299461e-01
3.442303613102874471e-01
5.846449605154355744e-01
-9.851182994346689981e-01
-7.131243612082034389e-01
-8.335073650776365639e-01
-8.809030382553340033e-01
-7.142569276002843637e-01
5.027206750322772422e-01
6.282939949302679405e-01
-3.228837984610484213e-01
-9.786719578183822321e-01
-2.062059004959029274e-01
-9.167849740867362041e-01
9.233333925222657612e-01
7.622136031895485608e-01
8.148036947873071867e-02
-3.130079402525653975e-01
8.181611274863092031e-01
8.251302143865468786e-02
7.440430595618283682e-01
1.000000000000000000e+00
6.484350926534701021e-01
4.427539295902487293e-01
-8.266679336182460869e-01
-8.214636299145303688e-01
-8.415194990130642205e-01
8.321208113367577486e-01
1.100124798134831661e-01
4.925543445744771098e-01
-2.375328521835764484e-01
-6.746455074445607547e-01
-7.325074000548004172e-01
9.870420766692002967e-01
4.982162827021778817e-01
-4.115399820562387623e-01
8.476977690243046037e-01
5.669259963646451350e-01
6.792001948950177059e-01
-2.708189384614789752e-02
7.144851357186312590e-01
8.040201627666412332e-01
-3.952738876568726578e-01
-4.984522501497801183e-01
-5.281292253271197001e-01
-4.476031974348306797e-01
-1.000000000000000000e+00
-9.241846758522007654e-01
3.820887550249032483e-01
9.242764525586877333e-01
3.017840192392235998e-01
7.722040992472551935e-01
7.290082420277237407e-01
6.990864963053067260e-01
-6.362641986869512767e-01
2.412277492283469993e-01
5.241711316220141192e-01
7.087703886170737544e-01
-8.536653706030825628e-01
-1.701569270573140003e-01
1.852895900294511122e-01
-8.593594780617644924e-01
-4.733139863425475102e-01
2.377954534917230411e-01
1.309673335870118471e-01
-4.070295328917317157e-02
6.572674575748205239e-01
4.788265641285474050e-01
-9.528889976859560296e-01
-9.378782819511102264e-01
3.408532337743728213e-01
1.000000000000000000e+00
5.999635566261367625e-01
1.808054029653927142e-01
5.394304883374985149e-01
4.486858738343797448e-01
-9.936123429505800964e-01
-4.230076999470708810e-01
-6.580115891730442534e-01
9.147194316007922765e-02
-3.243282801470939170e-01
-8.194689700693293943e-01
-1.671776822163641985e-01
-5.848606946522898475e-01
6.831917485835439230e-01
-1.000000000000000000e+00
-8.330247599128615121e-02
8.048534892134893148e-01
3.046615116857671612e-01
3.846170265792936416e-01
2.300524759752060611e-01
5.898782461820022416e-01
-5.491417187347422679e-01
3.005923350909787128e-01
-8.033379215282144825e-01
-1.239824004999423579e-02
-1.000000000000000000e+00
7.306564237005448437e-01
7.243398978233532848e-01
-9.105725911314697107e-01
-7.000161396253368196e-02
9.969814468405708840e-01
1.606065333772577208e-02
6.885276387888034089e-01
5.483215225736823850e-01
-3.393730732519240068e-01
5.472187767170300088e-01
6.617027742715295702e-01
1.000000000000000000e+00
-1.253565890329664256e-01
-2.084346632755855744e-01
1.099043793871468111e-02
3.185632897715025003e-01
-1.289253971878693839e-01
3.804762491095516896e-01
-2.999381881871407418e-01
2.787244311632484095e-01
7.770424441353097622e-01
2.244431997972657911e-01
2.572852514848213978e-01
-8.174409670130946548e-01
-8.374457939452695232e-01
3.441243876131367951e-01
-6.006451507327787986e-01
-9.442764991713969991e-01
-5.504315679406712736e-01
3.133867931548168784e-01
5.758729775792748029e-01
-2.975392345383738313e-01
-7.022016364889576145e-01
-1.000000000000000000e+00
1.000000000000000000e+00
8.574924297381298910e-01
2.546973012035003148e-01
-9.914650854357054399e-02
3.337666162093106959e-01
5.783106877385637556e-01
-1.000000000000000000e+00
-4.039821165448986839e-02
-9.023968918702003350e-01
-1.842079431019938429e-01
-3.531825068079652574e-02
-5.237276721655570455e-02
-9.633388814397463307e-01
4.185699106922500246e-01
-1.426184645614139157e-01
8.990706977949067813e-01
7.946413473778799474e-01
3.906935335632149009e-01
-2.122390826576776579e-01
-7.524763396763902712e-01
-1.237833616969927775e-01
-5.025069960171475447e-01
7.370423880854868326e-01
9.317134229532286760e-01
8.417191681647746559e-01
-4.416876742599540329e-01
1.806134990229597559e-01
-9.137475439455489123e-01
