-1.019156422845144405e-01
9.903055419639710255e-01
4.610818722576410789e-01
-7.079144357900015727e-01
6.211885157281809011e-01
-2.262911338519324467e-02
-1.915861050565579315e-01
-8.975354343237607058e-01
2.972878248003152368e-01
6.343253188792481456e-01
3.167036843874577734e-01
4.294447903860370008e-01
7.486639776809280722e-01
2.619754828539349045e-01
5.369107644327886231e-01
3.996046271838502584e-01
3.207241943480241275e-01
-2.493835468213736473e-01
3.021951905759816537e-01
-1.024755069636775762e-01
-3.297114583938320909e-01
-3.208114483069282041e-01
3.258262450707867242e-01
-6.718146363782937502e-01
-9.663253064747598930e-01
9.192445235938537795e-01
3.737181726820226757e-01
9.632771913005711006e-02
-2.989746906063217580e-02
-8.368832135467838551e-01
-2.513362726259198432e-01
3.521362671001329048e-01
3.883929095675087151e-01
8.656329733811556348e-01
7.748838934463548878e-01
-3.886307447555839012e-01
5.000279883570670769e-01
4.860818752036812906e-01
-8.204006729734891756e-02
-7.685932901772720705e-01
1.188609193817928844e-01
9.403474033001715249e-01
1.074928635005758526e-01
2.709133016415177231e-01
-1.279606859576771782e-01
9.307829201119131035e-01
-5.003706987741864953e-01
-3.862219135875522014e-01
1.517451167307390936e-01
3.878480603598248866e-01
8.048951292735031515e-01
-7.270370724054502354e-01
7.180529186653850093e-01
-8.704506206403048729e-01
-9.142181339207551272e-01
3.782870705367531450e-01
5.308446371398960473e-01
2.000809354620636249e-02
-1.052026357885362806e-01
-4.511445486412215544e-01
-5.317470446682626140e-01
-9.568158468268972427e-03
3.030599704623713198e-01
-2.681124376445822577e-01
5.596602126413379175e-01
-7.690967971536983860e-01
-3.230949979606698719e-01
-2.869160443937559535e-01
7.732314108815216969e-01
4.237145709087921652e-01
5.726476470179120426e-02
4.551539541018345680e-02
7.172027762001613738e-01
3.744763301823266222e-01
-9.517650371795762787e-01
-4.860266926995266967e-01
-8.153885482668923324e-01
-9.990801741521984081e-01
-6.829115660676008392e-01
-3.554631520856836868e-01
-7.845193375728758411e-01
-4.513541460723202725e-01
-1.207342375506024190e-01
-3.597327535124161813e-02
-1.508880458507202427e-01
-9.432841895268984089e-02
-1.105459763202041312e-01
-7.781827741236633234e-01
3.255188579331191878e-01
-8.310855277941580077e-01
-9.888162453570716881e-01
-2.005715754791759231e-02
-3.496101353401632750e-01
-9.776115136655847415e-01
-2.964435733969201792e-01
7.763955395546184857e-01
6.929258832806419743e-01
-8.754256924501928605e-01
5.760170685329590867e-02
-2.420676188573955834e-01
1.120118736293962414e-02
-7.309537361054065929e-01
1.017266544244121995e-02
-9.512492213529852858e-01
5.998765230276441596e-01
8.339183083047321254e-01
-7.691575951742135597e-01
4.767220838832988417e-01
-6.486564810226755906e-01
6.149292369198922081e-02
6.646929891072983487e-02
-1.507463022700654687e-01
-9.632707250941505706e-01
-9.841251101358183817e-01
-5.702336262259439792e-01
-6.119575359189612929e-01
-7.759706459022261971e-01
-9.125911284753813746e-01
6.075140656931530270e-01
-9.150344346633387804e-01
-1.028817544112197169e-01
-4.614579523658248750e-01
-8.812393701268246282e-01
2.557935467641085925e-01
2.495926114221040937e-01
9.164369191556156480e-01
4.202076445275475525e-01
3.478320341295604301e-01
2.496877331920099863e-02
5.946762333714226134e-01
-4.622007647684456266e-02
8.037040401944028911e-01
1.922789119607011266e-01
7.962094514092654673e-01
-1.823435328182685389e-01
3.517536787817805433e-01
7.644033560110288228e-01
3.412443413578352125e-01
-1.760093107354534503e-01
4.118571975788354322e-02
-8.089676035829105327e-01
1.896964819423336834e-01
8.239984665338848657e-01
9.394560976341237435e-01
3.263283086559227719e-01
-6.306463747844075485e-01
-6.908815631704343652e-01
5.811469137478841862e-01
1.793642175920890924e-01
3.558422730121664213e-01
-3.714231538202881211e-01
1.622810591825141202e-01
6.064138900689326483e-01
7.984710880181569159e-01
2.043921870282281450e-01
-6.294029041986073381e-01
-9.032849152044084562e-01
1.388920511146780612e-01
-1.409480343548878967e-01
-5.079342673289652943e-01
2.561232400768882478e-01
-9.143998761152978272e-01
-8.528618888148915556e-01
-4.136014652978947659e-01
-8.101743869201638582e-02
3.950203977736155281e-03
-6.819940950595129170e-01
4.502366702604818638e-01
-4.750479955582886937e-02
-1.405502562250637855e-01
3.386739333284778386e-01
-2.378315551149579044e-02
3.112427931365751022e-01
3.642790037596559394e-01
-5.588273004095354324e-01
-3.870613209951925260e-01
2.324279836022413726e-01
-3.399087646659684214e-01
9.057776969508117837e-01
-5.022230079933651670e-01
3.745762483460537418e-01
9.343894170834736723e-01
3.186203739138784297e-01
-9.665759324566385313e-01
2.219741092461635645e-01
-3.963055676043516495e-01
9.749394011920875514e-03
-8.918827283236188119e-01
-6.396731910231128193e-01
5.429463151582649694e-01
9.742607789624768699e-03
-7.367379839741754477e-01
3.683096044225548926e-01
5.640479110926026607e-01
-4.725244892691851106e-01
-9.274136646203876566e-01
5.479908844970167170e-01
-7.945273647542376860e-01
-2.902500738381421641e-01
-4.750686461460833510e-01
-2.142277372827259274e-01
5.642804980499207534e-01
9.846482013906305841e-01
-5.540513952487022831e-01
-5.753333142096266339e-01
-7.570462986269168582e-01
-4.565276328862239996e-01
-6.507836582266879333e-02
5.791808634779804787e-01
-5.402202998216083518e-01
-2.399904551303699840e-01
9.735624424217825812e-02
-6.657786899999245112e-01
4.173367236449614381e-01
-7.891817946951620311e-01
-3.550464355187841203e-01
-8.179473457199097908e-01
8.099337987471626477e-01
5.304489129449150298e-01
6.908879011916908564e-01
-3.562215753885249470e-01
-4.182101420905648403e-02
-7.289758020897001423e-01
9.047001597410966323e-01
5.023118159795074700e-01
-2.032106561172877246e-01
-3.066796639566407023e-01
2.910257904912150195e-02
-9.252369637862065677e-01
-3.883558213400901682e-01
-2.552592100239059469e-01
-7.372949931874741569e-01
-8.931152580052388323e-01
2.448031744867968929e-01
7.011938605369283373e-02
4.661019239534647252e-01
-8.574567324157755799e-01
-6.964782562951243872e-01
-7.673648963940076229e-01
8.520398650684533060e-01
2.361056658419844467e-01
9.036048201580506589e-01
4.003043266981740622e-01
1.378757454276724470e-01
-8.939040296237601435e-01
-2.801949931232048385e-01
-8.757463649360570646e-01
5.428305938036008804e-01
5.443147457157495595e-01
7.244169174925558785e-01
7.077614875970226205e-01
5.146363044594257641e-01
-8.131012619412256726e-01
-3.447874889908086882e-01
-6.608959389252382355e-01
-6.464755607083314537e-01
5.397133144496009116e-01
8.429008488994558235e-01
7.098758486760570197e-01
4.077049609769869409e-01
-2.780502811354161885e-01
2.403544945192777060e-01
-5.688941000070313336e-01
-8.587889105799526579e-01
-6.497708503260546387e-01
