-2.257153838174597027e-03
-5.000072073370185333e-01
-3.561528116724428372e-01
-5.369990578829260119e-01
-9.357245255973951625e-01
1.843502817922659798e-01
-4.392397821134141900e-02
3.025108598945724925e-01
3.780559595763888225e-01
7.212067109294391098e-01
8.766804190943373598e-01
7.347119648933024827e-01
-1.142696843845716348e-01
2.939652197428159752e-01
-6.948752719460218330e-01
4.144210121210267772e-02
9.036274178148215874e-01
1.200521148597144538e-02
-9.731430909687284192e-01
-7.960849467174837546e-01
-4.005675796769465613e-01
8.132352649529086541e-01
-4.059870690791795855e-01
-2.493961767214192271e-01
3.745032389233682313e-01
5.396647419143445479e-01
5.931998928892014966e-01
-1.167177825840974847e-01
2.324531815784511846e-01
3.138695375333422355e-01
-5.435314784514606590e-01
1.724776982613094312e-01
7.145333627251924113e-01
4.697783701634836717e-01
-4.095687848026559053e-01
-1.227982876326803030e-01
-9.582433418287878979e-01
-3.329137241450990103e-01
-6.591159111371986956e-01
-5.254222800932240034e-02
9.022481596487816891e-01
5.031043368524867887e-02
-5.538406884133479924e-01
9.436733004664172864e-01
-5.817362693055361245e-01
9.294091889318309985e-01
1.600866141378725072e-01
-4.765199672429798472e-01
-6.021256764838449627e-01
9.334334137342596982e-01
7.927276355072949698e-01
-6.834829426273441033e-01
2.522174955133278385e-01
-7.117682981167772205e-01
-1.650404398789162563e-02
4.797977085931117713e-01
-3.603936170371579983e-02
7.078033692070171412e-01
6.143811145428268450e-01
-5.681966359968715352e-01
5.686000568683715617e-01
-9.601937563465177128e-01
6.164637051648691468e-02
-5.284467134014736445e-01
9.251916310131280685e-01
-1.546120552920919877e-01
-1.208479536262152543e-02
4.291245383358854859e-01
1.853392550520387427e-01
3.960668333538277519e-01
-4.207763992605166870e-01
6.125583094560103081e-01
-1.558367147330776969e-01
1.396384130631944664e-01
-5.126936547059866012e-01
-2.974868262710292921e-01
-5.730618434260710270e-01
7.367587913904014574e-01
-3.010192032938996398e-02
-6.874038977570682274e-01
-1.102849405893997492e-01
-9.722336912261448916e-01
-7.589086555266673084e-01
9.671888959679040276e-01
1.380794009109314047e-01
3.537249194754403803e-01
-5.167271604425796028e-01
5.262841346245252794e-01
7.108351897190234858e-01
7.226069789914333352e-01
2.814277968728369217e-01
6.953648225509210246e-01
7.718016225777231121e-01
3.675744445609265831e-01
-7.141271535875250986e-01
-4.906305931477277227e-01
-4.869649389999262112e-01
-5.540700902615383061e-01
-6.767380500931721166e-01
7.158570685512060106e-01
-7.241600505527741038e-01
4.339969087697768124e-01
-6.804132700148672885e-01
6.275624620416215826e-01
7.089171764652040242e-01
-5.990609810885836328e-01
-2.336338505793191800e-01
7.697599340906196019e-01
4.255716781071239296e-02
3.505076693618724981e-02
2.659991863505295484e-03
3.177441415932886759e-01
5.879341945120430957e-01
-3.185524354519158052e-01
9.997064955617067650e-01
1.824459464781671425e-01
7.967076762521059230e-01
-3.848727492092594016e-01
9.105906885533971984e-01
-9.930158920814324830e-02
-4.298442607801620241e-01
-4.525290684165850230e-02
-5.809483365721017645e-01
2.597162592521902180e-01
-3.900814690663463313e-01
-1.730168430067502428e-01
8.947636893879664655e-01
3.660427272435942125e-01
-2.349370611987497970e-01
-6.670225994693035343e-01
3.825164238365004188e-01
-9.029637143574049674e-01
-6.857292828316716715e-01
-5.860468156672153928e-01
9.521779395775167298e-01
-4.425426631992599447e-01
7.703116891571792912e-02
7.587937339188413066e-01
-7.711888000253581676e-01
3.241890526942059481e-01
-5.421471416134135968e-01
4.779022454144701282e-01
3.082550200932117068e-01
-7.226666622846933397e-01
-8.028841494003835511e-01
-8.713759830671925499e-01
-1.444506059727990177e-02
-9.669875860345289453e-03
8.305843089698730086e-01
-3.817786144261501313e-01
5.900433974332290887e-01
-2.245187340063177217e-01
-9.932389520229734092e-01
9.704248708343736762e-01
-2.733353768180317722e-01
6.083055905552492426e-01
-2.589904170017613971e-01
5.145094240146022013e-01
1.353084725645452568e-01
-9.926419527828285183e-01
-6.162369742712092702e-01
5.939823811725417624e-01
-5.074609607897375696e-01
-1.075113877468729662e-01
8.888856971448233502e-01
2.984944899453042533e-01
6.518898813672342474e-01
-2.980799121836370524e-01
1.210748554188478820e-02
4.281776198339015682e-01
1.213496291246274339e-01
-6.085814119403165634e-02
8.326862976326003807e-01
-6.158171988789320483e-01
8.097288236861288624e-03
-7.747088111389688336e-02
-6.432049006565461191e-01
-2.963802182058206114e-02
5.386616345276260542e-01
5.877033203158421593e-01
1.000000000000000000e+00
7.641372682497737934e-02
-2.716707787319263545e-01
1.299478772188544795e-01
-3.252072975895683449e-01
-6.954561116858148928e-01
8.472101500249262784e-02
-9.019434134233605960e-02
9.136773355559095755e-01
-4.549610923712568145e-01
-5.184929614919155938e-01
6.793746494190082696e-01
-8.054755329493374916e-01
-4.850084589699465987e-02
-6.553664329789006260e-01
-2.882275845650039692e-01
-4.959874780493449542e-01
7.868391491368167401e-01
-7.077442771822946010e-01
7.959994089044100107e-01
-1.237232307826816591e-01
8.006327931557024602e-01
-8.268637567470267236e-01
-5.279657558803430017e-01
-8.756437579549329886e-01
-7.070893866580878484e-01
8.844523912818973432e-01
-6.518970783784245882e-01
-2.678369836773155654e-01
5.091208051356330699e-01
-3.378130628927604739e-01
-9.636465800027527173e-01
7.545896003268777186e-01
-2.498191371240461311e-01
6.334133174387732712e-01
7.846177923138759613e-01
5.417227315417365574e-01
5.159729198867835098e-01
-5.082105217841914602e-02
-6.846256891499873376e-01
-2.761532182478054764e-01
-2.756729503946564463e-02
9.905102419469427044e-01
2.040861807119225269e-01
6.903553690735853010e-02
-6.907536532569562571e-01
-2.830954820792517257e-01
-6.968757607826114864e-03
2.735086676573499354e-01
6.120112287282757357e-01
-5.632204383278294202e-01
-4.003834991271990607e-01
-4.680435186129594527e-03
8.063091582877750518e-01
4.148189425772632610e-01
-4.207494920721188691e-02
-6.841817615199947689e-01
2.421659828412225934e-02
2.544417083976895366e-01
8.108443721717650821e-01
9.487366258939058383e-01
7.225183807377995038e-01
-2.435167882407571760e-01
6.526551518133087981e-01
1.465515608080354415e-01
-1.412126969265561360e-01
-9.962063447404985173e-01
-9.299070914149638600e-01
-5.920948028539991803e-01
-2.180464822426342320e-01
-7.756279019741469938e-01
-1.021643757265082719e-01
-6.713193370472776422e-01
1.898835660742501652e-01
-4.492558740520316007e-01
-6.765802692131244189e-01
8.318182110732010859e-01
-2.264236507841150825e-01
4.347553620572810473e-01
-6.615739396658530946e-01
-9.301718841956496675e-01
9.511563588151608073e-01
3.125025502920408815e-01
-5.083330641476027090e-01
5.002002018117663873e-01
