2.280795996510847079e-01
-8.453962573226017074e-01
3.646928561649187550e-01
-9.507362481344951988e-01
-7.535768438990453344e-01
-4.337764124451992664e-01
4.106640115434647686e-01
-7.654477838664179856e-01
-5.097044239972334800e-01
-4.944218904802690773e-01
1.506870631711143549e-01
-2.846353228538143210e-01
-3.397776503036786799e-02
8.304080784155212225e-01
2.951651497970919635e-01
-2.003054099760238627e-01
-3.698289384913489020e-01
-6.049164273304989958e-01
-3.612535753005499117e-01
3.017125121152846035e-01
-8.401107874740745274e-01
-8.572706620328918170e-01
-3.265768857134916381e-01
8.469630595774666482e-01
6.345312897097512561e-01
-3.780104683600826743e-01
5.582399859146192078e-01
3.503824358968075092e-01
5.645845771813919889e-01
1.497008532397337000e-02
5.361009302680108668e-01
9.124852578256728020e-01
1.000000000000000000e+00
5.300863671805842170e-01
5.473911610974857567e-01
6.329495641443259046e-01
-3.520458620115236581e-01
-6.354667897523713638e-01
-8.226183434973428632e-01
-7.406186348642185280e-02
1.121077095836473525e-01
2.323028605034707095e-01
2.493017124948788688e-01
5.381590244335427986e-01
-5.393317069976364397e-01
2.058413888615719944e-01
-7.447438030851907254e-01
9.957490051556736610e-01
-6.883242952024835049e-01
9.058375600242951631e-01
7.567538729586711366e-01
5.375626772198844883e-01
1.391067510797363571e-01
-3.380607123639138845e-01
-3.641946104395969996e-01
-6.837807339396582140e-01
-9.378273546263871108e-01
-3.421508880231649563e-02
-4.491269493934437751e-01
7.106501392512534210e-01
-4.323377449377663329e-01
3.586916861239430876e-01
-4.220500015995880538e-01
-1.398133526937974658e-01
8.529263629074983477e-01
-7.214494541170470843e-01
-5.114416157225363246e-01
7.412544211018605722e-01
4.201277634877293998e-01
5.693543818547690538e-01
-5.041082121070006306e-01
3.574448026009207080e-01
-1.953048284831202519e-01
-9.726005103942216845e-01
7.649814070114602238e-02
9.582908673418701895e-01
8.120140390422609933e-01
-2.803614808953054371e-01
-4.490312996451066851e-01
-6.662482307765869027e-01
-5.693673348776209231e-01
-9.429535482929494172e-01
2.167823695779165227e-01
-5.004623214885488558e-01
-5.108077546229525812e-01
-8.267100850036981363e-01
-4.522178443701239114e-01
-4.216317431899363477e-02
4.101902067871092683e-01
4.207485281333831484e-01
-4.776617170304835458e-01
7.345056928037825283e-01
4.402218229429999408e-01
-1.758303125452245208e-01
2.296686895168198461e-01
-7.279094155344378869e-01
-3.221392247013943333e-01
3.003147369591974147e-01
-4.865085213736730640e-01
8.173278677276929471e-01
-3.200541057792232191e-01
-7.228655485397967873e-01
-5.145921276704108482e-01
-9.132001646659380079e-01
9.226548554539710789e-01
-3.536721785845167165e-01
6.735785102272879854e-01
7.277371960570750975e-01
5.688594068924459624e-01
3.782229674707902056e-01
7.376968315913012830e-02
-9.916062078370020405e-01
9.672367215402017937e-01
-6.808011711820129985e-01
3.016315049497355627e-01
9.368544933283227127e-01
7.112730889563294578e-01
8.649047667415925567e-01
5.078598733408019594e-01
7.166568575495126936e-01
-4.475602550888191367e-01
-3.836640293037021365e-01
7.100060453317287301e-01
-4.115634324606345373e-01
1.165230126551404233e-01
-4.254894968865692295e-01
-1.632726600959157892e-01
-4.250571986853652895e-01
-5.234770589136565899e-01
1.188901540547748770e-01
-4.581537021095787310e-01
-4.327824122068144597e-01
8.850749142443123940e-01
2.884859694746786385e-01
5.025905243957182744e-01
2.519283336206155077e-01
-2.154369749500870679e-01
3.851512485427730503e-01
9.527074693852493059e-01
-3.516114565550996218e-01
4.202892074514741338e-01
8.665566343807347138e-01
2.546285171629558697e-02
7.006135982510399707e-01
7.196172562931384409e-01
1.250090184157190976e-01
-6.873171154416137796e-01
-3.596242486548175687e-01
3.667530323993131169e-01
1.316662857796051522e-01
1.476017543823004985e-02
9.190037432067721390e-01
8.487865303805450790e-01
7.825953917219976574e-01
2.858919983765551009e-02
-8.335168422039089808e-01
-9.853475644958162860e-01
-8.975563766336045468e-01
1.844100095348573110e-01
5.137411118059376225e-01
-9.554053254304850640e-01
-3.812095586862871421e-01
4.550118030948002712e-01
5.597193334095611483e-01
2.649903710075243168e-01
5.726011411596572120e-01
-3.350650699639410313e-01
-8.170169060793393001e-01
8.882985577506764541e-01
2.615262593466520791e-01
6.834754507480622632e-01
-6.252280479309793026e-01
1.776954286421823515e-01
-1.924468386912734363e-01
4.615581573929634640e-01
-9.462762496383012589e-01
5.472305959176411161e-01
3.382725678655413848e-01
-1.891282793334865264e-01
-2.988089204228110418e-01
7.177996594564568511e-01
-7.902867755661402427e-02
5.395733885822995290e-01
7.282403007341375911e-01
2.645060804203953619e-01
1.000000000000000000e+00
2.151274579826689681e-02
-7.289106482045411006e-01
2.706067433214387474e-01
6.924372505527796040e-01
3.208605247732803090e-01
6.639430511152031311e-01
5.687409239905079072e-01
-9.474925277975954074e-02
-2.547241393400532239e-01
8.511311235008827136e-01
7.287590882164367567e-01
2.185454510616657853e-01
-6.047534485595469356e-01
-8.743933108674049048e-01
-8.338563977930204540e-01
-4.578277334148233013e-01
4.990723394855627326e-01
9.023657492214749443e-01
-9.294197247467087530e-01
3.483764035304068862e-01
5.705747537451937301e-01
3.745351351013286312e-01
-8.303174418612790930e-02
6.782197134076648481e-01
-5.742214308663273759e-01
-1.755976261184655218e-01
-2.025298536330597532e-01
1.119099070211084790e-01
7.346898481521813018e-01
1.526980567378199982e-01
-1.000000000000000000e+00
-5.287718655454176631e-01
1.119603758336373822e-01
-9.568404270588670713e-01
-9.710859636835551534e-01
-8.979968046620379063e-02
5.889932999600031582e-01
8.579349202128119245e-01
3.770135253413207099e-01
-9.511832551602867891e-01
1.271673919688709464e-01
-4.013107599787231194e-01
2.456741010062033492e-01
7.492040074042474185e-01
-9.108727030326384533e-01
-6.842805502232769399e-01
4.897660885813426290e-01
-3.868398637249836902e-02
-3.829922791139628302e-02
2.237349502857182149e-01
8.572262538602455351e-01
-1.000000000000000000e+00
3.290123729229712524e-01
-2.809292316205451723e-01
-5.754674211766330760e-01
-8.096551295304486029e-01
9.606816001738376354e-01
-4.605912017662898705e-01
-1.961782904017919105e-01
-9.255490718221626167e-02
-6.570958067225960431e-01
-8.686603544515536512e-02
9.809312786208428392e-01
3.099249426990624556e-01
-8.232771174006643378e-01
4.518060815032526323e-01
-1.649707240018993826e-01
2.921163267303874544e-01
-6.607437082717155796e-01
9.448051642024468677e-02
-5.557149212566014906e-01
-9.210860807935226102e-01
4.335054876995583228e-01
3.474866032402417204e-01
-5.378691151021088857e-01
7.926034332460119014e-01
1.024183746372482329e-01
-4.252022646348121437e-01
-6.451819071467925770e-01
