-8.074860888596684383e-01
6.564690448281991220e-01
7.398673795147421295e-01
-1.396898819597746089e-01
1.184159435205021094e-01
-3.482903419882777962e-01
2.644781911512565920e-01
-9.670828894126910491e-01
-4.891379340706218937e-01
7.376200244489390379e-01
6.638060846483919697e-01
-4.590937362110092401e-02
-2.999118373037097385e-01
5.778364556254389495e-01
7.662410405675936786e-01
2.043685994858096266e-01
7.727396036224840614e-01
-2.470415283554365793e-01
9.527724605127096957e-01
7.559316388747623350e-01
5.298754991404552861e-01
-5.092661879078308473e-02
1.509370875649214128e-01
5.598772902241333504e-02
-5.911010980816705507e-01
-3.531290418781021234e-01
2.307577762434167012e-01
4.314889543148985318e-01
4.557168600374938983e-02
6.323210519527899809e-02
-1.976480154791919741e-01
-3.745795315234519141e-01
-4.785903326493901044e-01
6.108073330114369703e-01
2.102082608353206261e-02
8.922319239914251465e-01
-3.724991474291727833e-01
-3.010325234765653946e-01
-2.104427357006737331e-01
3.963080698296261861e-01
4.055458099051696408e-01
8.702259095509425890e-01
6.936327137727638092e-01
5.542261875522979109e-01
1.103589615987177197e-02
-9.780853455597255941e-01
6.681972087911816072e-01
1.718062674594529327e-01
-3.644867507428475317e-01
8.822676384210459410e-02
-4.403040255624350863e-01
6.086082431086622391e-01
6.622671581747108238e-01
1.267390613811174571e-01
-3.655191475974395310e-01
3.980374288203880617e-01
-1.000000000000000000e+00
-9.699277973198241476e-01
-1.481202356324518021e-01
6.157760354069201636e-01
-3.862167729189134313e-01
-1.209440280628737430e-01
5.815483884510541657e-02
1.434658695646009452e-01
-7.602578105204886860e-01
7.273910418761713181e-01
-5.327011024862244870e-01
-7.731238707183551995e-01
6.082492839587458899e-01
9.421919390376707337e-01
8.779064937773493060e-01
1.725339951994087073e-01
3.784837680065606946e-01
-4.202039102084031974e-01
8.578868840672866369e-01
6.114618198385635139e-01
-9.100488091851026695e-01
2.466342290739054199e-01
-5.863943016782384721e-01
-9.622969069246338769e-01
5.936266711577899979e-01
4.045707308083272835e-01
7.113976898992826481e-01
3.992251123791381584e-01
9.543268724990914276e-01
-1.000000000000000000e+00
-4.877180546528163685e-01
-9.285666190574828338e-01
9.346246343765862719e-01
8.988561665760221864e-01
8.474624333530191844e-01
5.323275394239892488e-01
4.292516227074627544e-01
-1.290930040698778924e-01
4.356028576618837800e-01
3.265671255462017086e-01
-6.440531153928721331e-01
-1.000000000000000000e+00
-2.932007379045729056e-01
-1.000000000000000000e+00
9.354940722756084348e-01
-8.157684686539212748e-02
-5.024282437106846189e-01
7.940199305307900079e-01
3.104673260977421911e-01
7.319425949736824144e-01
2.866015609377434714e-01
-2.639044796954330696e-01
-4.754998337286542309e-02
9.759365567794349161e-01
8.400108156933194792e-02
-2.025232547092685742e-01
1.943523787400820435e-01
-3.493637004735641316e-01
-7.320893739065268413e-01
3.757396444846976546e-01
-4.304008905793634820e-01
-2.070579454534090535e-01
6.379490304438300008e-01
6.306403807740375012e-01
-3.829186974863751924e-01
-8.523922266119698943e-01
-9.927809812780519216e-01
-4.446436870770926197e-01
4.703991889689986827e-01
4.245685320666652274e-01
-1.684540247355861275e-01
-9.955226096938687430e-01
-9.403263522608722447e-01
8.106840147770832949e-01
7.785312259726757667e-01
3.120112498517759736e-01
-2.812130726984756190e-01
6.694071374928471929e-01
4.283357641322349529e-01
3.930160188955398315e-01
-8.552733741411748802e-01
3.199414688587360889e-01
8.756041370981426653e-01
3.559174320021685212e-01
3.063052309405132068e-01
-1.000000000000000000e+00
-6.062367576190297314e-02
1.249328220304992687e-01
-5.941190793625104050e-01
4.313952415442874333e-01
-6.832082098697016548e-01
-7.580431813996202361e-01
5.377363022828018924e-01
-3.554262519180229063e-02
6.985668184500362088e-01
-1.182470940864432940e-01
2.852637584158077555e-01
1.000000000000000000e+00
-2.650565546775389691e-01
-8.970407165941449712e-01
-5.514094480527147457e-01
-6.462743851524381800e-01
8.790766446134203882e-01
-8.468352015145685918e-01
7.917302611881651409e-01
-5.998233335235794161e-01
7.957155050888951031e-01
4.511722298069689163e-01
3.154810268381387228e-01
6.507136880977346660e-01
2.006221120993554319e-01
-5.831485022137719021e-01
-9.241378572654179724e-01
-5.458208048471242524e-01
6.617771196371724507e-01
-5.700768890678606926e-01
1.751764952984786738e-01
-2.491513347618508067e-01
4.000915065618209088e-01
-9.529636543913024838e-01
-3.362459505937143156e-02
3.907170152467804858e-01
1.000000000000000000e+00
-1.000000000000000000e+00
9.655336214308449794e-01
-8.290903444764592400e-01
3.975952561840296884e-01
-1.000000000000000000e+00
-4.204862352092637590e-01
4.667465359915912160e-02
-2.951329084491233212e-01
-6.710573428435659959e-01
-9.980028288857283325e-01
-9.262600803187259757e-01
1.138221430266983525e-01
6.901499528590169241e-01
-2.777262751047943068e-02
-7.169161036565701028e-01
-9.318659336198475973e-01
-6.472774067368223250e-01
1.000000000000000000e+00
-6.456064430178098945e-02
-9.850695817679322452e-01
8.984078883928048320e-01
3.399394444542425120e-02
7.234410952144303408e-01
3.989883665062543550e-02
1.000000000000000000e+00
-3.595578899875644385e-01
-5.015089099941276718e-01
-3.002485930710730999e-01
-5.039432392266458560e-01
-2.833488359982625493e-01
-3.840733587422282547e-01
6.073130136954951741e-01
4.332977159866495676e-01
4.419909735240201698e-01
3.504243529739929919e-01
2.444678146209571246e-01
-6.699043554207420037e-01
-5.605917109748684846e-01
4.767610173514003069e-01
-2.853441961279092887e-01
-5.783210476458022775e-01
1.000000000000000000e+00
-9.777501649569280140e-01
9.027527615952766205e-01
3.962620912020260455e-01
1.000000000000000000e+00
-3.505259916438974166e-02
2.682275861787342119e-01
-1.000000000000000000e+00
-7.626262419185345642e-01
3.681984427456830300e-01
-1.000000000000000000e+00
5.809949469092363650e-01
-1.000000000000000000e+00
-7.791908492397996433e-01
-5.190353441690551684e-01
5.918087580061359709e-01
-3.580525856352079206e-01
-1.713940437249423798e-01
3.119425812724139213e-01
-5.140195114760661710e-01
-8.137256965056236524e-01
3.466510462211012111e-01
1.000000000000000000e+00
6.002280993206909887e-01
8.463349569533955563e-01
-4.253804769903979377e-02
8.886679427727486313e-01
3.810090604366258571e-01
-7.211056494213119450e-02
-5.432380721786862487e-01
1.970923422088803889e-01
4.280265291835145813e-01
5.897610229495220402e-01
-9.166463152649264590e-01
-4.041440481922284889e-01
-4.752464458919591905e-01
-8.365815810195038615e-01
-9.721594259949113415e-01
5.075859340545145759e-01
1.000000000000000000e+00
1.259256233576162565e-01
-4.634930222335666983e-01
1.000000000000000000e+00
8.660835385907174055e-01
2.055624901855779285e-02
