-6.912296199928806839e-01
9.766759252813779213e-01
1.000000000000000000e+00
2.484502080055777107e-01
6.360796606706380363e-01
7.122757421916088294e-01
-2.712745800847637945e-01
-3.043724616039380493e-01
-7.736679823286956026e-01
8.087204525816893419e-01
-1.000000000000000000e+00
-5.759328551389881756e-01
-3.516231117520443039e-01
-2.374345330969842571e-01
4.936827494603801547e-01
9.582716661331149854e-01
-1.670038142486394150e-01
3.193342896377076023e-01
-1.094972398603233366e-01
-6.105602883832408345e-01
1.000000000000000000e+00
-5.751246782519299217e-01
6.595459367570200016e-02
-3.182613272571888086e-01
-9.512780530930832201e-01
6.648747211243111188e-01
-3.234131716679256030e-02
7.055137633437140732e-01
-2.255510682000656519e-01
-2.975779493951959953e-01
7.835553579371223876e-02
-3.796514372114965230e-01
-3.808755442664234492e-01
-9.533210278867192411e-01
-2.098577740499241173e-01
-1.538819059768314901e-02
5.335514048498544160e-01
-1.380245813649561004e-01
9.783227982796873778e-01
-8.717900587371194554e-01
5.129543771877229652e-01
-7.477675766208635721e-02
3.590219880534697428e-01
-7.746973459265054096e-01
-3.224485580704912202e-01
9.139918568868237170e-01
3.081675660444087583e-01
4.030437425675525986e-02
-2.683892577802173829e-01
6.750630405587846328e-01
-7.039335219009944522e-01
9.863915528398825572e-03
-4.208958319068085707e-01
-3.925692077042441941e-01
-6.472937688189369654e-01
2.643114784127604810e-01
4.350841044388493728e-01
-8.820821417184276925e-02
3.471233785782734671e-01
6.910956948356596907e-01
-3.123469704725145846e-02
-6.251244457197935311e-01
-8.124396939208331503e-01
-4.399617954741241732e-01
-8.629848388428034145e-01
-7.164241764563632486e-01
-7.064622621352880660e-01
-2.135508121936147141e-01
8.893189521582756107e-02
7.039365586437478228e-01
-6.559369825352354688e-01
3.251865443820751711e-01
-3.778532608761664413e-02
4.622325196331078523e-01
6.992434569770775710e-01
-2.125823781226725551e-01
-5.313684589451557194e-01
5.009105383488969832e-01
7.310619918167435838e-01
9.737778231470100021e-01
3.688843638376599898e-01
3.867319476176933613e-02
3.274906452720061090e-02
3.944160636500515515e-02
9.134126096067063383e-01
-4.108658478944522408e-01
1.000000000000000000e+00
7.041500585074484952e-01
1.940449326288806731e-01
8.229774735950949882e-01
1.931549737513118536e-01
6.534946211633629876e-01
-3.163719517960774663e-01
3.836418610470666568e-01
7.034194499945547463e-01
2.830803204165799336e-02
3.423324537610811236e-01
-1.784909937204826047e-01
1.040206003472627927e-01
-6.708366471001012687e-01
-6.219542089626910464e-01
5.762025690472454276e-01
1.592631922715004311e-01
-8.178383405445737164e-01
7.845952844197587872e-01
-2.605917148830738661e-02
-2.516282535349911864e-01
5.612278857941153110e-01
7.111310286400815972e-01
-2.201446005816454221e-01
-6.685798880487221485e-01
4.042655056210882059e-01
2.273855220612203132e-01
-1.945192313933743478e-01
-4.949596830656934898e-01
-7.440464305310618975e-01
-7.669346950543411978e-01
-6.951956723209598010e-01
-1.345098279452607848e-01
7.901697418859010558e-02
-7.972472231973235512e-01
1.854867429276889634e-01
7.456636468974500165e-01
-6.321369784866923691e-01
8.475254700544776476e-01
-2.885834261726931693e-01
2.071427439966988526e-01
-1.389175137182849795e-01
3.552204489286951983e-01
-4.832252914716153036e-01
-6.201299882989164125e-01
2.241796431831597491e-01
6.528149922717991771e-01
-8.538194370647060882e-01
-1.921170005997998587e-01
-1.344267903555247390e-01
7.217679728427537356e-01
7.816390242519077880e-01
3.340355331838484876e-01
-8.162101991690993152e-01
-6.829000183551341419e-01
5.591737436399313310e-01
-8.403856759539904964e-01
8.718762717209771473e-01
-1.393522191363087970e-01
3.608131921351547255e-01
9.795562571826537113e-01
5.278194362256407590e-01
6.439143123995356710e-01
8.585938955825727081e-01
-8.952966783419074037e-01
-1.302093556579648759e-01
-3.718323854755085645e-01
-4.435165849755395850e-01
7.489872896125404633e-01
-7.743262253075242629e-01
-4.173051327122005993e-01
-4.547423679693498588e-01
9.498831634467501672e-01
3.628746325743279488e-01
5.419194933071909137e-01
-1.000000000000000000e+00
7.186503613916477295e-01
-5.171663763245935019e-01
-2.334682999088550925e-01
5.357317894516455681e-02
5.667606548400880850e-01
-3.903038000385841144e-01
-6.967688947302690394e-01
-1.881526509171598249e-01
9.255735480443210150e-01
7.527365076167169544e-01
1.000000000000000000e+00
6.139729152751987051e-01
1.000000000000000000e+00
6.856466768663354028e-01
7.274560220640526875e-01
1.964613648107642607e-01
-6.289600868675684353e-01
8.672014243923522603e-01
4.967012127795757959e-01
-8.044637751417260674e-02
-9.106235476486734814e-01
1.015081632695744585e-01
3.521813255254691022e-01
-6.676366797521469110e-01
-8.774063024890330631e-01
-5.816168564780672678e-01
-1.494805490643087431e-01
-1.903947084190849015e-01
8.026895685933195246e-01
-9.924324479423898282e-01
4.377340512848459930e-02
-4.718628937992734862e-01
-7.892539725168055131e-01
-2.317046326831413428e-01
8.270276460411345454e-01
1.862442113458446791e-01
-8.244388875005543849e-01
-8.554812251821974911e-02
-1.118683348899780494e-01
-9.687121068941544344e-01
-3.562098798006958500e-01
-1.000000000000000000e+00
5.423766357172872254e-01
3.503827676723405560e-01
-5.514726349916221348e-01
-7.176644838266132975e-01
-3.727374300624386461e-01
3.123613450678974779e-02
-3.067076458837024733e-01
-7.280231226643840703e-01
3.793748962957652626e-01
-7.005041183410163352e-01
4.231068635583998816e-01
-7.216256979958668438e-01
7.299596174401437043e-01
-2.833956009795501885e-02
-2.482213872840934865e-01
6.054778283302857389e-01
4.305077596737689749e-01
-6.540902380059949728e-01
9.464277323353909033e-02
-9.003421980399259894e-01
6.626358657924551476e-01
-7.386087413249922129e-01
-1.000000000000000000e+00
-8.400750686163971359e-01
-2.502522859239821873e-01
-2.014493204550877881e-01
6.708267494014952259e-01
-5.045313307075005582e-01
2.959634308922305390e-01
7.058198838757245852e-03
2.623927833272314825e-01
-2.312438178199915928e-01
-1.930990790272566482e-01
-1.000000000000000000e+00
6.063796106107077755e-02
5.633280019609224754e-01
9.334148507109045756e-01
8.912254469617393315e-01
1.098791952647419912e-01
1.000000000000000000e+00
1.000000000000000000e+00
-7.601826454860349802e-01
-9.828525881944356613e-01
1.000000000000000000e+00
-2.930116058937020096e-01
7.743412519467007815e-01
6.609636070391511353e-02
5.598660697310287038e-01
-2.641414019059618035e-01
1.000000000000000000e+00
-6.026879071694135614e-01
4.815213137941281030e-01
9.755552236335973681e-02
-3.940700809265238469e-01
8.287352217446697367e-02
1.820822426321730969e-01
-9.471539835710738320e-01
-1.725842513015596325e-01
5.715434637848615385e-01
5.135873387631177955e-01
-9.482096845294791798e-01
