-4.235315194026090246e-01
-3.494188625583731778e-01
-8.173021452064994641e-01
7.329641865467642070e-01
-5.941998171328646272e-01
-6.392384194863973690e-01
6.379239937132168414e-01
2.938798629093364312e-01
7.432322060552820631e-02
4.716232195570049246e-01
-6.562438894924427224e-02
-7.070530747797820759e-02
-4.340617123983392389e-02
-8.887667924496913674e-01
-9.876402844929732527e-01
3.749915605863618495e-02
-1.343683759033706959e-01
-5.257501745906774104e-01
-1.802227234209117235e-01
8.289359025529356995e-01
7.349488028688737629e-01
-9.841038393666146078e-02
-4.829479395622442439e-01
-3.415218159310957624e-01
5.015779558067090527e-01
5.745953292186962713e-01
1.796675441591519817e-01
1.281560179077738670e-01
7.851795686042077893e-01
-6.579109605728683530e-01
5.119928611117583461e-01
2.232714587651798421e-01
-7.763058908910291933e-01
-9.350257606985399317e-01
9.565721339917971910e-01
4.884263569496771762e-01
2.577698411453650529e-01
-3.322846281937061885e-01
-3.236473865917917081e-01
-3.279451702507127919e-01
-1.620453489279394255e-02
-8.954859071398546533e-01
5.356577954301005029e-01
6.406012207762092903e-01
-6.459524426522331719e-01
-9.290919161549671124e-02
3.607899992451211180e-01
3.653823128795010700e-01
3.687669111154132651e-01
-9.186370699592136813e-01
-7.016466259111169279e-01
3.520614766578060717e-01
-1.478146473336410249e-01
7.530502083680710168e-01
1.265270729242362613e-02
-9.875436927459035896e-01
-2.886221791685190663e-01
5.380916204449930351e-01
-1.492315365243883640e-01
5.588896309385540384e-01
7.189948839739435105e-01
7.294223939070907381e-01
6.732004491709675520e-01
3.332834367125896424e-01
4.191896504601382301e-01
-3.175077871311782207e-01
1.818605386815204117e-01
1.974082515596751186e-01
-2.176383007694735472e-01
-5.681852951716757083e-01
9.192018237652235246e-01
5.381358593549641078e-01
5.699106918558802803e-01
3.513850550610877477e-01
-8.934189366278639799e-01
-4.367972102296355796e-01
6.840838526535704123e-01
-2.625846305120156376e-01
1.042416515847437442e-01
4.196217193969520309e-01
9.705987713285402219e-01
-1.274546363131576765e-01
-5.623193332943796641e-01
1.915373995018772035e-01
-9.346863145074701951e-01
-8.040372164426676793e-01
-1.881869609543078692e-01
-3.457195862046333890e-01
5.985331992349880448e-01
6.424984111425298128e-01
8.612173433051806271e-01
-1.526117029032016958e-01
-5.414271205654812569e-01
5.988033160519381504e-01
7.454718051720867766e-01
-3.772038479503732056e-01
6.292323033594942050e-01
-7.424438846025640526e-01
-8.980696726949966013e-02
4.617910502021191910e-01
4.516807210666524686e-01
-4.189069951225905530e-01
5.700092133940017902e-01
6.030395662018399605e-01
5.986270828989799231e-01
-4.266847572071095218e-01
7.946027072757777532e-01
-6.865810713009767863e-01
4.507212989836848482e-01
3.677204886835685471e-01
7.778239036442267107e-01
-6.792022839057783035e-01
6.778072374380950116e-01
1.715653396295033772e-01
-1.136939665285330303e-01
-6.900402019481463034e-01
-9.160884190192306598e-01
7.847627553762024366e-01
1.000000000000000000e+00
-2.824996645748885093e-01
-7.025653587868083694e-01
4.968179400448091698e-02
6.725826339393732312e-01
-3.647600341544396940e-01
2.726696741448444428e-01
5.800576293556789498e-01
-6.168680050383243962e-01
2.842826809228578000e-01
-6.348245463862352000e-01
1.000000000000000000e+00
-1.137727880720320606e-01
7.432685532991636368e-01
4.586031281241049751e-01
6.409639463569059004e-01
-5.212378078469930287e-01
4.063303331515633054e-02
-1.000000000000000000e+00
-7.474629300449049385e-01
-1.000000000000000000e+00
9.357171185588035733e-01
-6.814657885469930232e-01
9.012620533086912467e-01
-3.582738664395177519e-01
-7.081308336968030748e-01
-1.630222540494146166e-01
8.960681681511457608e-01
7.429637020487447341e-01
1.000000000000000000e+00
3.947493064970768462e-01
-1.974624813328916817e-01
1.967941296364532633e-01
-5.533171250541140118e-01
5.019658379457148101e-02
2.983006692115952596e-01
-8.140140297092928190e-01
-4.197528561989551932e-01
-1.000000000000000000e+00
1.956761943979308249e-01
1.000000000000000000e+00
-1.000000000000000000e+00
-3.403863998655776157e-02
-7.868641219452847668e-01
-2.303417533329575884e-01
-8.534138710881984391e-01
8.343641844100493365e-01
-2.458651906888846828e-01
1.000000000000000000e+00
3.660506150979032092e-01
8.795522537781124139e-01
-6.588633304155424586e-01
5.146026003266674920e-01
-6.650665534097877085e-03
7.296379172062130714e-01
1.277767493464527782e-01
-3.499728552400505066e-01
3.992253069274964705e-02
-1.178725204675017402e-01
-3.509966378598183834e-02
-8.430471514347301909e-01
1.000000000000000000e+00
-9.510403469612638272e-02
-4.828125844561141911e-01
-2.014120502727525519e-01
-6.864686920156808370e-01
-2.698168668178682061e-01
-5.683733939010675584e-01
-4.196884751565725935e-01
-2.345674166862317112e-01
4.499895045604114241e-01
-2.821797832286094820e-01
-9.847055580966506128e-01
-3.187201355678019876e-01
-4.006905323118328255e-01
-6.914374852452762621e-01
5.215759259464727293e-01
5.104262617225689969e-01
-5.951219430393408505e-01
8.040801572967828381e-01
-2.543180535917444196e-02
-7.949690033129450661e-01
-6.655447506811080771e-01
5.019863115697871248e-01
-8.966004433991285882e-01
-2.695901386043140224e-01
-6.539467992677465702e-01
-4.904164644667612372e-01
7.130401990254964240e-01
4.494062242950358499e-01
-6.352350698257900330e-01
-9.255838604900614719e-01
6.707872122784230839e-04
1.405249829763648428e-01
-2.176223836696857816e-01
6.395102543992028377e-01
6.112674485365892085e-01
-3.851094487119268717e-01
4.241504509690328106e-01
4.772823668632018013e-01
3.928398600070275304e-01
6.519609030537905081e-01
6.354725894395738539e-01
6.008642041166498693e-01
-6.903132629281545363e-01
4.997097519136461941e-01
-5.395817920407601775e-01
5.599599596708966232e-01
4.803120243563652192e-01
8.916913099839545165e-01
2.527032968455189543e-01
-4.063408153159848712e-01
-3.043462985339726590e-01
-1.450591786480581735e-01
5.407715991632473518e-01
7.620670427696987215e-01
-4.276237725842446658e-01
-5.860618497971217256e-01
-5.783243090542316001e-01
-5.982639966923961605e-01
-2.629306059549223473e-01
3.829093627240249820e-01
5.467348970653176377e-01
-7.744904500410652037e-01
2.908713805106799555e-02
-9.076351342406925315e-01
-1.421013073065795496e-01
-1.192981478015637808e-01
-1.292807976644101409e-01
1.700761143502171890e-02
-9.228512093044498599e-01
3.042652762664901367e-01
-2.376144272199423035e-01
-3.701108427906101284e-01
9.756592488343573955e-02
-5.624492599742749732e-01
4.119113102799831783e-01
8.167599068327580092e-02
-4.693565381113118384e-02
-1.745240638648251075e-01
3.032720249382674371e-01
3.532235066896409759e-01
9.485171288775104959e-01
-2.744378312605546544e-01
-3.552407236553885017e-01
4.400026686747151583e-01
-2.090497954503145461e-01
