-1.398269429061748070e+01
5.941173553936081930e+00
5.735920861214643729e+00
-5.784151848849242938e+00
-3.334704204151693219e+00
-2.452356843498892491e+00
1.635176501528960991e-01
5.188463246284546138e+00
-1.553750080653752974e-01
1.102670291619327259e+01
6.452050954826615836e+00
3.076447027209526119e+00
-2.863237969160012497e+00
9.543675723782605758e+00
-1.026184377172463869e+01
7.346522157536142572e+00
1.611001540059835424e+00
-3.209459300994272013e+00
-8.261259377439262863e+00
2.598719775340780913e-01
1.650256652713903449e+01
2.953294619979232039e+00
-1.193803002297361537e+01
-3.925654044850477309e+00
-1.685080347532820877e+00
7.798085357779834581e+00
-2.409008634402709514e+00
-1.878090832804670285e+01
-4.837794951745204131e+00
-7.086387053078140319e+00
1.915558644134504940e+00
-2.281496784903920272e-01
6.585425979141605879e+00
3.299978584337838861e+00
-6.849472898859843006e-01
-1.053436322270978920e+01
-9.281246664478349118e+00
-1.283254094018411529e+01
-1.212819075677086644e+01
-3.795281195196277491e+00
-7.716414790427660542e+00
8.192590425837092738e+00
7.000657880645789533e+00
-7.988911760839363385e-01
7.553950398647000242e-01
-7.741770601798887874e+00
1.269979568489697996e+01
-5.779277962731113050e+00
-6.380556536545156643e-02
-6.359757512458386053e-01
-2.846335929899868944e+00
7.998416664452990155e+00
-9.602547239580690785e+00
1.491491113974375615e+00
1.369411714057641127e+01
-8.270884082218529443e+00
-1.192117327684175443e+00
-1.167298750602552460e+01
1.248516257281261943e+01
-1.130566160898279904e+01
1.009773995992368611e+01
-4.223645892694250392e+00
2.008465592907273667e+00
-4.360223741282883481e+00
3.582630783495616811e+00
1.173358946200441721e+01
-9.596347126712908349e+00
9.364785038987655241e+00
7.643082127301355833e+00
-5.046709007196516161e+00
-1.324898708276805781e+00
6.173899731227858290e+00
7.267623175877584885e+00
-7.850002070676370458e+00
-3.052408251581089527e+00
-7.211248058684744500e+00
-1.029238108327323076e+01
-7.188209399571617197e+00
-4.115422811877893494e-01
-3.709126503761326354e+00
-5.645095860635330531e+00
-1.135266061827818440e+01
-8.527624881836651127e+00
4.504371461068359395e+00
-6.690695274568232875e+00
1.184214337758817770e+01
-6.688625993822545190e+00
2.447888603049321876e-01
-5.826634573859978961e-01
1.417885489820295319e+01
-8.349426376577042674e+00
-4.740884311763036152e+00
-2.312530399059840924e+00
1.062380692658839365e+01
9.874080832361698867e+00
6.667016280880853074e+00
-4.655440944174684681e+00
-3.739516415974321717e+00
-1.313000918271213457e+01
-1.547895706062981347e+01
3.166834093482964185e+00
-4.581721003672758918e+00
-7.640137892617078208e+00
-1.176145489980152892e+00
2.743193528960072847e+00
1.494771194346767729e+01
6.898509932654980581e+00
2.113641943802863743e+00
8.801587721147647869e+00
-1.316759176588500324e+01
1.068934661195157121e+00
-1.070293266122719444e+01
1.839040899419829955e+00
1.066830899065220173e+01
-5.550981126311911318e+00
9.672455194389011357e-01
-7.943588575875438096e+00
1.720586783590981383e+00
6.264799999985330103e+00
-4.980190007325026591e-01
4.496557312553982833e+00
-7.667095687372293966e-02
-1.147138936846433754e+00
-3.886803685369097039e+00
1.379130985978722990e+01
7.354099575287673218e+00
3.958536581903131513e-01
8.543729232637220505e-02
-2.446439291607476196e-01
-3.824618923244469837e+00
-2.497397929557572116e+00
7.236761524701085690e+00
-6.630320701018662666e-01
-1.208733607750276207e+01
-3.174695637790122316e+00
4.992338823542969095e+00
1.977960120794704846e+00
4.367451494853486160e+00
-6.193916983123854081e+00
4.387474550783551308e+00
-3.086812715731334755e+00
-3.527582906908336646e+00
3.837435912715114306e+00
-1.030253993686460667e+01
-3.446034001565990046e+00
4.036308437109047631e+00
1.427548372963819201e+00
5.188873430968113709e+00
-1.045316530179708492e+00
-5.386849191177015328e+00
-1.736199037566688474e+00
6.533753647992682545e+00
6.177863904276006402e+00
-3.083355258094859774e+00
5.712817094404920581e-02
6.919450363997588838e+00
-3.932927012170892134e+00
-1.288157417588813747e+00
-7.657213341023797248e+00
2.165313593731073016e-01
4.227237985095565698e+00
3.131478838878649196e+00
-2.316271670670378313e+00
9.706745486528017608e+00
-1.165651010046226066e+00
1.121165613011931050e+01
-6.980458372593769667e+00
-8.868251162723373326e+00
7.054245583032820122e+00
1.848047368208399988e+00
1.558914112410429764e+00
-1.046074878985126411e+01
-4.797815373030988262e+00
-1.012178306223866286e+01
1.047704002150701896e+01
-1.106384935945627745e+01
-1.240471902027447548e+01
-4.694146253993000784e+00
-1.138191190341313330e+00
-4.196983455448370037e+00
-3.471461247498750069e+00
-5.331015350133936792e+00
-1.821335282083822893e+00
1.813036012887321746e+00
8.638994412341900464e-01
5.887804585739663921e+00
-6.968902799591354391e-01
5.685159720740271538e+00
-1.145049537108833171e+00
-7.848213583336450583e+00
4.157746692731207006e+00
-9.312643468703569738e+00
7.224627628595174045e+00
-4.539566036101421176e-01
6.885639179075863758e+00
-7.561385794746069422e-01
-1.276420846069441950e+00
9.387751653828164677e+00
-4.177451660444511106e+00
-7.438881429359385677e+00
1.048492096562494247e+01
-5.245399590149795621e+00
-1.937652684132323344e+01
5.637309964634965809e+00
-8.246359159975780173e+00
7.163095467562143881e+00
-4.774071841472315114e+00
9.635163803459649401e+00
1.110171003154592739e+01
-6.928215947373972838e+00
-9.246316668384388038e+00
-1.135931299903926828e+01
4.733669863771464925e+00
2.145097757987552001e+01
1.034271433899002446e+01
4.643060288688768189e+00
7.331289688767445689e+00
1.308007444327461322e+01
7.577108376890142161e+00
-2.344939110524335568e+00
9.421374257795102070e-01
-1.402878659847174347e+01
3.936690813623033414e+00
7.736644286693225681e+00
5.857424218119431814e+00
-8.520959175500300020e+00
8.057182150165342449e+00
5.519670259776955135e+00
2.382665030849548948e-01
1.621735567912941178e+01
-6.659491766853966599e-01
-5.873636425742851941e+00
4.438951293692280586e+00
-5.458166192062458677e+00
3.736030565947986659e+00
-7.207745892869317217e+00
1.646658688362517253e+01
7.285037115690490950e+00
2.261861462391885347e+00
8.733108581321827657e+00
-8.621935630595576328e+00
2.728931797043372853e+00
2.417079239952887981e+00
-5.689517711338569761e+00
-5.874586955109731834e-01
-9.263787685977021624e+00
-5.490385171755041149e+00
9.231475175170430703e+00
-1.486636685974792016e+01
6.652731891615528248e+00
-1.699050700484525223e+00
5.521354504444384581e+00
5.922564914965723348e-01
7.917539509584556878e-01
-4.839089159020577569e+00
-4.013403399538047367e+00
1.927139490779154141e+00
-1.152310175684913141e+01
3.612178322312693091e+00
-2.893710929890503714e+00
1.385962376545242947e+01
1.149939629794629425e+01
-7.113273957054833119e+00
2.966860637875788687e+00
-5.475121635155907107e+00
