6.982555663361156739e+00
4.304141696130171724e+00
5.169527031995571065e+00
6.650351324284241805e+00
-6.506077450297743647e-01
-2.491796468678712628e+00
3.071119356256768462e+00
5.415059147148024721e-01
-3.817637160560048315e+00
2.142136150920658455e+00
2.938839009203785935e+00
-2.239407931234395743e+00
9.866856394623563231e-01
-2.641699832256675151e+00
-8.566424624928517417e+00
1.883620272298386134e+00
4.429869182108312486e+00
-1.535260746266589749e+01
1.172927274464852232e+00
5.329792553956547607e+00
6.019862357209870396e+00
-3.382013338649630718e+00
6.169685888877427082e+00
3.401376384659168473e+00
1.469253456070928010e+01
3.642462327309375691e+00
-5.133831716530030675e+00
2.823792889697090303e+00
4.472846078372553436e+00
-9.850461266698054885e+00
-3.562988041162104658e+00
-5.671378104055485814e+00
1.487912618621413685e+01
-3.248180633309707410e+00
1.126056050605877434e+00
-3.852000949947298025e+00
-7.111581899935039974e-01
6.075135327974031441e+00
5.786667889712557411e+00
7.187483116775039704e-01
-1.543929828548853855e+00
-4.483338529451623700e+00
2.832017495468721613e-01
-1.276944092925064611e+00
1.313090670885897637e+01
1.732758810789581361e+01
5.361867849535995489e+00
-9.671749830604555953e+00
-4.441648445960035829e+00
3.899843241797633198e+00
6.525383692895536214e+00
6.508672401786182782e+00
8.086291388390391077e+00
3.718593104508533642e+00
-2.084496174261007084e+01
1.160437782306031629e+01
-1.923181324338173459e+00
2.873292088482029882e+00
-4.181857263743083308e+00
1.559115842332593438e+01
1.484697903858260837e+00
7.687955342244419121e-01
5.220509405253332957e+00
7.722131356882258935e+00
3.362688123943187612e+00
8.112409869345450275e+00
5.011836267162642855e+00
5.559439507259423152e+00
3.218637920890343285e+00
-3.519870579136194166e+00
4.675104901783572409e+00
1.192739919643608815e+00
-6.659243048411094268e-01
-7.052878619984583430e+00
-3.031576861063513650e+00
-1.036584172313579977e+01
8.157448063543837335e+00
-2.256045149529022353e+00
-4.364613177005167266e+00
-2.382758034463419161e+00
-8.472393773881522705e+00
-5.498212901928989815e+00
-1.441531890697348439e+00
-7.092165549137010139e+00
9.299042821293468819e+00
-1.600120385702638703e+00
-3.521875948388748512e-01
7.167663129568452973e+00
2.797342736067566449e+00
-9.798075058130237380e+00
4.669533684310218646e+00
-3.569171556008841617e-01
-6.538109601813135718e-01
1.115951651974915926e+01
-2.355815809296200491e+00
2.257900922603708338e+00
2.747274750853413661e+00
-2.824186102356513128e+00
3.732656366170612472e-01
-2.259265547954469433e+00
-8.707106965171526269e+00
4.520607887921910262e-01
-1.230235475435483927e+01
-1.379998506379909173e-02
2.344787918572384111e+00
5.012450722669147929e+00
8.481080693350161681e+00
-1.908079777663186594e+00
5.928641715979658944e-01
3.196511347238573109e-02
-2.076692839823669257e+00
1.072172029968883944e+00
2.372586953831041345e+00
1.097424785296072969e+01
4.811931348735541292e+00
4.472014888736520533e+00
-8.877872489432906633e+00
9.938408566249050224e+00
-8.656517140608784189e+00
7.639943808455796237e+00
1.253767616220288872e+01
5.583631502623778609e+00
1.134132993619819452e+00
9.563858716631546741e+00
1.221784380447963869e+01
1.558775359010556194e+00
-8.130523558266931516e+00
2.217517479060781227e+00
5.557656190809725061e+00
-7.670356241266983233e+00
3.720139415721355647e+00
-1.404092829271132281e+01
-7.626217164861778031e+00
6.967360702452873866e-01
1.118148032950820969e+01
-2.683603179981002285e+00
4.917907581356228519e+00
-5.293262121001019338e+00
-3.862752883827957451e+00
8.394664700652219480e+00
-6.310216115801232206e+00
-2.232290007754219374e+00
2.290824800659239102e+00
-7.976114780488874345e-01
-5.499246062162166382e+00
-6.938992505850150039e-01
7.558118743828313058e+00
-7.567671954755645025e+00
-1.863353230098301339e-01
4.896345145363486751e+00
2.068356762888936995e+00
-7.298587028987650882e+00
3.325839568644900268e+00
-1.569392109294673876e+00
2.245569567836813718e+00
-1.835636130386268494e+00
-1.183788350720021754e+00
-1.006301666233619052e+00
-4.457407475126787588e+00
-1.386995213460786402e+01
-3.722178869852572625e+00
3.677734093730625542e+00
-4.475390568068706720e+00
-3.525110050541163886e+00
-1.212829429954707550e+00
-5.412962252283954001e+00
3.091397133486031734e+00
-4.694821706035008368e+00
-5.794370765509157195e+00
-1.059728641391035175e+01
3.440968053341494137e+00
-8.498051846196313264e+00
-1.718275045776436194e+00
9.792201780279761181e+00
1.816691433664373889e+01
-6.411398057789869931e+00
-6.310111537760318967e+00
3.357637698685408401e-01
3.676443868432192730e+00
-5.626832963588879188e-02
3.062644455734979232e+00
-4.637692912486764740e+00
1.247662467278068199e+01
1.273385585190239144e+00
-3.950341382110927668e+00
1.818655777068804724e+01
-2.008597985358888116e-01
2.091735839714638612e+00
-1.967714478935502331e+00
5.966822266060245461e-02
1.606571920488673300e+01
4.441265284884560849e+00
-4.023507669007124754e+00
1.821218461946948253e+01
7.158022092589956031e+00
9.349806554188662133e+00
2.839567336502520689e+00
8.400336201804806890e+00
1.194770335040842113e+01
-5.885126817681289424e+00
-1.818789675627039415e+00
-2.827967719270139568e+00
1.819347100672612516e+00
8.230051544847583500e+00
1.385917061303526321e+00
4.342877575279302516e-01
8.614826424229509172e+00
-1.506746020960229338e+01
6.355035967791082818e+00
8.120556369421978005e+00
-1.058831618737396951e-01
5.235113457173253160e+00
1.629164150633083352e+01
1.053315742940996724e+00
-5.803272410677946525e-01
-5.617907118640508735e+00
1.569177316726660365e+01
7.970059691975292182e+00
5.892446061150161896e+00
-1.737212596708683776e+00
1.915203742026693468e-01
-4.725225902807657974e+00
5.440063591607696480e+00
-8.728482927648895107e-02
6.247445379241551855e+00
-5.544332095570920771e+00
3.557916762872004313e-02
-8.784901463905676167e+00
-3.292749824126858016e+00
-4.686194672673762440e+00
-4.341578026583971628e+00
5.418001195414204219e+00
1.423351657236380419e+01
3.931430408470487414e+00
3.659546240430516573e+00
1.926383840043104367e+00
5.843669114377796348e+00
1.440067366013677574e+00
5.714924380780704638e+00
-3.794877603430584223e-01
7.196845057948456414e+00
-1.264354140110112112e+01
-1.510249234960222076e+01
1.101834076218367464e+01
1.380678312695979848e+01
1.317289417901879478e+00
-2.539425947213835411e+00
7.372890607431981103e-02
1.202664461380165761e+01
2.397883509220661402e+00
-4.954911052723323550e+00
1.565912149401251785e+00
2.037431322981029691e+00
3.263611673575904426e+00
5.642335090944996523e+00
-8.321163971032287776e+00
5.826738438201635617e+00
-1.278110752667628702e+01
-1.095470591893332823e+01
-1.275417712078481980e+00
1.023628403349656857e+01
-9.393848408575513176e+00
-3.944995540741808693e+00
-6.440332211866911294e+00
-4.345816860948614746e+00
