-6.037427967988207023e-01
-9.318004557739316684e-01
6.791959086722536565e-01
1.583464017010138558e-01
2.889389834395803547e-01
2.251035039488120670e-01
6.805917760900501712e-01
1.680730871397293491e-01
3.627859482838953209e-01
1.510936534582984492e-01
5.089908197029286985e-01
8.490293799823198651e-01
6.411227601679025945e-01
-1.000000000000000000e+00
-7.536918448923755065e-01
-9.482426990596779515e-01
-3.385515812115003076e-01
5.716266424463589679e-02
-3.811716328435710288e-01
-6.466785477085437162e-01
-5.840510683617534671e-01
1.162205325796623612e-01
4.182774692094874958e-01
3.197752574137631143e-01
-5.341469738009743118e-01
-5.328227666608229551e-01
-1.903153384162188377e-01
-2.421796210468984967e-02
1.810044493477858119e-02
1.971999538264399554e-01
8.765467100037669379e-01
-7.936804672544097716e-01
-6.429877189495725176e-01
1.452047057768559579e-01
-6.248171561366366866e-01
-2.790625308208065647e-01
-2.715921810480255161e-01
-6.845087823205555644e-01
7.071386188298656172e-02
-4.846484645148356751e-01
1.248301375272282687e-01
2.224068927224971404e-01
7.426823983396539930e-01
-7.830825499949807256e-01
-6.810642816774639119e-01
-1.000000000000000000e+00
6.251725855815557509e-01
6.005419884978442369e-01
7.960112809886512597e-01
3.829910859632850162e-01
-7.414123662512017710e-02
8.870642135937143458e-01
-5.210253823480734958e-01
-2.173301823378141484e-01
1.562967263152018615e-01
-2.939275052067646943e-01
6.572432935033887258e-01
-2.053307139397972936e-01
6.105534137112540449e-01
1.000000000000000000e+00
-4.805571849010434882e-01
3.056701040624254517e-01
8.532800497632573311e-01
-3.595477960391344485e-01
-5.098059779690873317e-01
-8.365033677255713229e-01
3.689691644515671332e-01
6.021461072108631463e-01
-1.992572835152992550e-01
-8.343899013279121313e-02
-4.349698862060489279e-01
3.440898802981275928e-01
-2.538750452639464417e-01
5.904901023500999102e-01
-4.631717302646187751e-01
5.693795289502179280e-01
9.416626178792153468e-01
4.058371879174826891e-01
-5.811012565986199974e-01
6.042216183142472552e-01
2.984035102450368626e-01
-8.855556323395039620e-01
5.395320331838429073e-01
4.026645692668802123e-01
-6.052519761482144656e-01
-9.019114325689079337e-01
-4.822641452156484210e-01
-9.700699867871549475e-01
-1.000000000000000000e+00
1.425689429777445838e-01
8.685065796516522330e-01
8.340757783813663728e-01
-9.409909924089321365e-02
9.121562984779052474e-01
-3.947175567941609842e-01
9.299306784539738135e-01
3.751849241281597358e-01
9.224773337145950602e-01
2.483544101930228454e-01
8.416923060607146567e-01
7.864642588174701743e-01
-4.444347456822081988e-01
-7.102708617782054201e-01
5.647640105274460698e-01
-4.954900287583492435e-01
-5.776042079253169703e-01
-1.057711552183719927e-01
1.924862000698746023e-01
-7.049380527250889150e-01
-1.000000000000000000e+00
-9.537243938483281891e-01
8.309368495183568903e-01
-6.109347082331586520e-01
-1.340378255210306069e-01
9.247054477478384715e-01
8.534145378053575870e-01
-8.196573417805255168e-01
-1.484917220599750731e-01
-7.850115286362608913e-01
7.633828567842400048e-01
-6.374338614881533971e-01
2.175350767924204565e-01
-5.923470169320095291e-01
-3.387310717499159018e-02
-8.383990263571756696e-01
-1.874344941802141840e-01
9.977369192595986203e-01
-1.703462733046743338e-01
-7.076013672086542972e-01
-5.053735179962930424e-01
-4.588446970027180161e-01
-7.162481961522528806e-01
6.826160032817290002e-01
3.755459305324955199e-01
1.681092290090919761e-01
9.208640157218539457e-02
-7.258748610913967614e-01
-9.526414929079078941e-01
8.576535988076885442e-01
5.548162015853914664e-01
-3.053865462994198587e-01
-1.123247731533678628e-01
4.727684832361791489e-01
5.590780454063253302e-01
5.828178602219289406e-01
-1.099863057059113913e-04
-1.649445191351688322e-01
-7.044280077233662229e-01
-3.305128658652252138e-01
-1.132800993874951700e-01
1.000000000000000000e+00
-2.701799518104517350e-01
-2.470974504751912715e-01
8.932694649740164916e-01
-7.724364873762532557e-01
-8.413483655705495945e-01
7.350819483430528489e-01
6.426154107624562073e-01
6.585751027342632291e-01
9.021312025937935353e-01
-2.761178710937914893e-01
7.482998302285257530e-01
6.258608396973630583e-01
-3.925869234599368429e-01
-3.336507765040306328e-01
6.999946371999270500e-01
-8.187892776028076192e-01
-5.787672983728056053e-01
-2.238581078203216723e-01
2.108268067975349602e-01
8.400752150599899437e-01
7.990421725486107629e-01
4.926189161830589747e-01
-5.446424042938657895e-01
5.951122176195979829e-01
-6.990115498335260913e-01
5.097281354528806485e-01
7.142614360773569260e-01
-5.679807064571222863e-01
3.835808752289224799e-01
-7.388246165655651954e-01
3.440659607549982901e-01
4.980621237883531283e-01
5.045484362164425196e-01
6.687581850091521840e-01
-5.017174581084149487e-02
-9.360576309379438076e-01
9.653887656384909643e-01
4.703320989125636675e-01
6.788706852124620772e-01
-4.174159623548996390e-01
-7.128157445205847154e-01
-7.353160566725893688e-01
-5.338855570779303950e-01
-3.316959466541575807e-01
2.646853532179342938e-01
-5.601149287846718394e-01
4.167188586918890714e-01
-8.872413823024078994e-01
-8.524829516225456150e-01
-5.018558091527218767e-01
-2.994182773343063708e-01
9.930326574687924346e-01
-2.051083157257349576e-01
3.597810800210370363e-01
7.100777102032038712e-01
9.272572829788492399e-01
1.000000000000000000e+00
-6.460491565366150990e-01
4.222562579747433653e-01
-4.313936655016086807e-01
-6.153562818590054828e-01
9.603323773874778979e-01
6.592829133626438853e-01
-7.620152141414955338e-01
-6.716144919111770584e-01
-3.850879029614293625e-01
-8.545903898324462844e-01
-4.841178549484499438e-01
-6.369337582340044435e-01
9.721137266055845938e-01
3.141204387177223278e-01
1.877194667237407355e-01
9.914908096649477365e-02
7.311334169942469430e-01
-2.781069975234842229e-01
-8.649898200853756158e-01
4.857897873632877062e-01
-4.177588263224425447e-01
-6.259369433413408679e-02
-3.568133824807253607e-01
-1.772051557996590088e-01
-3.622774356433631215e-01
5.271694338332630902e-01
6.834350580636905370e-01
-2.797303432103437348e-01
-8.096887656343290107e-01
-3.930424786803918824e-01
-8.663520135400031297e-01
9.960337886448291655e-01
-7.322218995943312603e-01
3.743462164870783315e-01
5.864502761329921654e-01
7.009379238928357125e-01
3.017154916967028644e-01
-2.572150894685454325e-02
-7.940952833834864499e-01
7.429980495299122190e-01
6.762007049885450094e-01
4.336414480376804548e-02
-4.945739458041318315e-01
2.127236227122382139e-01
7.491646136562820635e-01
-8.972999451948924232e-01
-4.417848584723556016e-01
-2.058234005606431882e-01
-1.855838852915199233e-01
5.179403857280142631e-01
-5.101196709851880673e-01
-5.124055389069099853e-01
-4.471952252346029777e-01
9.029057570761174212e-01
-1.992399222205176734e-01
9.019456159744194679e-01
8.434807305670235511e-01
