-4.153956541233361222e-01
-2.030216907926289949e-01
2.395031017548743257e-02
-2.282241836358660514e-01
8.746350951633172777e-01
-3.562646600078647197e-01
1.373362221820630946e-01
1.000000000000000000e+00
-5.563086327113708762e-01
2.911882278780846267e-01
-6.120990329507858263e-03
1.603978607211824503e-01
-2.860870946919364943e-01
6.967811081682673269e-01
1.000000000000000000e+00
4.942020899384997890e-01
5.233881709842957974e-04
-9.535054189119107626e-02
9.423167309190481067e-01
-2.993715362257232115e-01
7.053373956792756694e-01
-1.156325617072759826e-01
-5.595807056671118218e-01
9.528186459216279047e-01
1.674867629257257295e-01
1.000000000000000000e+00
7.118067473244862331e-01
5.331189028867786561e-01
4.357642908282705063e-01
-4.230226472464477805e-01
3.000354550590642599e-01
1.754935321555013417e-01
3.627755065799276313e-01
1.230222022712035290e-01
4.585425328020193980e-01
6.915955166063216808e-01
-2.150165280047964256e-01
-7.230422571711778712e-01
3.465085867174693135e-01
-9.019234931395707644e-01
-1.437863220471691239e-01
1.000000000000000000e+00
-3.006964427288386643e-01
8.525399964972695255e-01
-7.760967212019320716e-01
2.320740433170216388e-01
3.086534650728118834e-01
1.000000000000000000e+00
-1.000000000000000000e+00
-4.505567499895057892e-02
-5.289856059815083444e-01
-1.000000000000000000e+00
4.942817936589189998e-01
5.001964226584527662e-01
-5.083564574395005309e-02
-2.341853032780463195e-01
5.900809839372889165e-01
-4.992902942105661435e-01
-6.175616126360952141e-01
2.653783936141005384e-01
-7.181442282567620516e-01
-8.363009829540990481e-02
3.173326505425080324e-01
6.325900947295022281e-01
2.415549937177265960e-01
1.246723933309361598e-01
-5.586569469866022875e-01
-2.689979995068370044e-01
-4.263842603499503614e-01
-1.249100950811110611e-01
-1.146083770917341038e-01
3.814277861361905497e-01
2.111370564982277820e-01
-9.506069467998337075e-01
3.146564089914383189e-01
-3.944110591361864593e-01
-5.802004367915494232e-01
3.786963343804001791e-01
-9.413584181745027202e-02
7.049420736098868101e-01
-5.652810814582225341e-01
6.126035455116380923e-01
4.701437833600867755e-01
-9.188579898011606240e-02
2.260237499435560071e-01
7.181198879244790056e-01
9.208285217159084546e-01
-8.606822248454963908e-01
-7.747350292527048765e-01
7.414030910166196087e-01
-1.572451908749754601e-01
-7.872741945710115541e-01
-6.328991543096931238e-01
-1.594709670208547259e-01
-1.398345371250448999e-01
-9.187008610296754085e-03
6.562389490078237575e-01
3.475386558317199448e-01
1.928153167289279324e-01
-7.624997819348615646e-01
-5.132379804393800704e-01
-3.208563435434221844e-01
8.467665889242781407e-01
-6.520534711966061714e-01
6.978776493917837609e-01
-7.473254619689095879e-01
-5.279307616655770641e-01
-1.281033731647325258e-01
-8.739395368550376686e-01
-5.524395886511985765e-01
6.357772049276586568e-01
-9.339434806414470547e-01
5.416691692677622072e-01
-5.905890384579848273e-01
-4.492254204213224078e-01
7.509667294393391757e-01
5.895724059850366849e-01
6.214136401474310567e-01
-6.009172975108652004e-01
9.442839270091858417e-01
9.831543953809349645e-01
8.470899735848766987e-01
-4.560660853867855025e-01
-6.492309828522158099e-02
1.730770179552700849e-01
8.197233137389674518e-01
-7.854798252115153812e-01
8.323761179931499221e-01
-2.079674942175233909e-01
5.325289390035834458e-01
8.227871379271933794e-01
2.373341587548136733e-01
2.078971735065271442e-01
-9.932153600807780425e-01
4.918315140307272237e-01
-2.053371155293834960e-01
-2.103217357007927113e-01
8.716696734787023892e-01
-1.757263516531772929e-01
4.057046054363118159e-01
7.588819825002999231e-01
1.306175377905605117e-02
2.981326148279896948e-01
-5.813084697603507767e-01
-7.564374224433603189e-01
-9.162249930247361451e-01
8.447723601063599208e-01
-2.583815890142457938e-01
-7.806501618868342263e-01
-3.591835458795538116e-01
-4.615118522665508927e-01
7.715270227653112656e-01
-9.306128437286398380e-01
7.862640620951721893e-02
1.000000000000000000e+00
-1.000000000000000000e+00
7.973355248140681084e-01
-4.532970216599840896e-01
-7.436560701739645118e-01
7.047182122979949170e-01
-2.384701890495115606e-01
-7.245320375677568592e-01
-9.662254706786954639e-01
-5.632315331135404612e-01
4.001014244744023340e-01
2.776486245562792554e-01
7.140585651286488478e-01
2.492901021350431012e-01
6.932547760642437940e-01
-6.135855832810577226e-02
-6.039120296445155134e-02
-1.868100364179179351e-01
3.984760341110358262e-01
3.338146126517052004e-01
4.731232349341136789e-01
-1.194918856881876934e-01
-4.422421995294765207e-01
7.284121060852324359e-01
-4.632397601348894334e-01
1.970094383421305828e-01
-1.000000000000000000e+00
-5.694450633504046788e-01
-9.791868177334110968e-01
-3.739703779504548464e-01
-5.952608044585383507e-01
5.745278832636031563e-01
-6.967119147961746695e-01
6.113447321400631296e-01
-9.321301511875201840e-02
6.340767372942184288e-01
9.168766972764590406e-01
9.694919149824570148e-01
7.766964617609146693e-01
1.017471840203640898e-01
2.236548392926092088e-01
2.092323142520875479e-01
-7.595525170455472708e-01
5.924917208380118261e-01
4.628723572954014376e-01
-9.297994292380602488e-01
3.906999905019923336e-01
-3.735067321479581537e-01
3.369505469264610920e-01
1.125083523426442245e-01
-3.684027631361186383e-01
2.829283583390913570e-01
-8.142729988958259391e-01
-7.808066184908348806e-01
5.042077805476363750e-01
1.182063199328138303e-01
3.323848130906155163e-01
8.297016277279078977e-03
8.862582147672946054e-01
2.045019182446783379e-01
1.000000000000000000e+00
1.854306041261089000e-01
6.582472643056687112e-01
-5.026395975575796982e-01
8.240355483377244106e-01
1.757701836280129992e-01
-6.081782187668069994e-01
-9.878119610772786441e-01
-2.867836742400429184e-01
-1.399679675700853387e-01
4.494493930835330442e-01
5.256589398478548336e-01
2.204968057943634818e-01
-1.409086215922927821e-01
8.643589711865462544e-01
-1.893908223165781113e-01
-1.797868658642800543e-01
-9.399257039680721793e-01
-3.194901300742636341e-01
-6.069744641734362567e-01
-9.118829298853017296e-01
6.540595490315854743e-01
-1.112054589426514362e-01
-1.000000000000000000e+00
-3.671218251784846842e-03
-2.269151636002202377e-01
-2.947633261931994486e-01
5.584475099420784794e-01
-8.074621178423069257e-01
-1.855292243575190625e-02
9.385314733484992900e-01
-1.329443822696256550e-02
-8.506526863562342555e-01
3.069382519982617463e-01
9.264622767014338844e-01
8.285329310683520188e-01
-8.613856362729597205e-01
9.745823529123713858e-01
8.863434319927809835e-01
8.904689746218972246e-01
-8.479627465146208909e-01
-4.361132396845421866e-01
5.680415488868568730e-01
-9.489380818560593234e-01
-1.185128164779218896e-01
1.808118411272704451e-01
-5.301389371803910677e-02
9.351940155943421207e-01
7.296309246272907334e-01
-9.197973417501124072e-01
-7.266590733529498802e-01
