2.792319562637102237e-02
-8.679245927998398003e-01
7.138840665625181270e-01
4.524421090049490779e-02
8.993221021684292271e-01
4.300925714127061816e-01
-4.115836940218140505e-01
8.133064315082052520e-01
8.416797812903933362e-01
8.123964865394293078e-01
6.659767724852867499e-01
-3.618433784151375843e-01
9.932533249321957580e-01
3.467044520725639511e-01
8.782017008629348087e-01
6.325519411208468945e-02
2.096590676847223111e-01
4.539014740692404182e-02
8.324976758308963998e-01
-9.898416554582789573e-01
-4.289047965726440204e-01
3.385946562572974550e-01
2.732921308057139065e-01
2.146059363179999568e-01
3.065456796462673328e-01
-1.794202614886064584e-01
-9.539256612513837830e-01
-7.838701494763020694e-01
-7.808594338259753354e-01
-1.579910110805144985e-01
6.984667672763755775e-02
-3.086956405538381354e-01
3.040645722910662041e-01
3.548956596152695875e-01
9.762692288828536125e-01
-2.761509346467003745e-01
-1.000000000000000000e+00
5.649708702054820897e-01
1.356260830771880421e-01
1.000000000000000000e+00
5.327065628218181637e-01
9.970692661235958099e-01
-8.557261218970946270e-01
-7.382739116867904627e-01
-4.815258470622871823e-01
-4.669576135761599467e-01
-3.590795442060294995e-01
-4.779299500191520611e-01
1.043762972594622918e-01
7.762805904509209043e-01
-3.208994928251747147e-01
6.877902504394719507e-01
1.431900973601055171e-01
7.693034404435556972e-01
1.000000000000000000e+00
5.049187943293105274e-01
1.000000000000000000e+00
4.698944153638471288e-01
7.515546010849654124e-01
3.565957357808668959e-01
9.412750291623668275e-01
-4.195618225471327012e-01
4.174509552340484042e-01
-9.723679323599216939e-01
-2.282792636264341368e-01
-8.404701221232846464e-01
4.869417342050490483e-01
4.246073080942494027e-01
-1.431898771609529941e-01
8.674479553238869656e-01
-6.876262844880027814e-01
3.100560973733457182e-02
-6.295026148225029150e-01
1.000000000000000000e+00
-4.714371953524751913e-01
-7.684817556549217166e-02
-7.469931298096235128e-01
-1.073668840320174400e-02
4.516376950485285757e-01
-2.235202444224382301e-01
-9.709749166544192622e-01
-2.269843944624432286e-01
-1.391089038653878784e-01
9.005529928958277974e-01
3.496728185123751387e-02
4.623800430748972179e-01
-1.318326090514925220e-01
7.163514276635674083e-01
-4.303316410870254849e-01
-2.588847195498167331e-01
2.334076585426418937e-01
-4.239704460134248176e-01
-9.336760169759894534e-01
1.695409585737355229e-01
3.254670768626424238e-01
5.743119557199285463e-01
-6.599866759650325765e-01
1.000000000000000000e+00
8.124715924016026047e-01
-3.387805929039042763e-01
7.119802703135701405e-01
-7.761588033329320790e-01
3.418604442512254149e-01
5.501301572694525799e-01
-8.537974401930179535e-01
9.285729482869800044e-01
2.005530856663260142e-01
-5.300218673270742364e-01
9.458248509401387949e-01
-5.321874186452626443e-01
-7.775516698821702821e-01
9.531243916050424758e-02
-8.700260261952925678e-01
-6.439522992924295863e-02
-6.561383689143074349e-02
6.485403479787472669e-01
1.280533524966045444e-01
1.210995628162288007e-01
-6.278925825241610248e-02
-8.625673977744030552e-01
3.774502052173764888e-01
-8.197280094226284675e-01
-6.447430326986993698e-01
9.850010122568786386e-02
7.161529269366402328e-01
4.616963401216265250e-01
7.154194693938160654e-01
3.706164758444612239e-01
-6.855060533024737168e-02
-1.000000000000000000e+00
-1.000000000000000000e+00
9.504993454168675360e-01
-2.544086119755966102e-01
5.259482358244003120e-01
2.450173387485070631e-01
-6.492137815910521415e-01
1.955306341763440869e-03
-8.749539159337982319e-01
4.374556964689371164e-01
3.792366946178937770e-01
-9.101651707907502109e-01
-4.868575980758181876e-01
6.962087377473158423e-01
6.847023638805487256e-01
9.496530532396114666e-01
6.838402413096065224e-01
2.757578925680630455e-01
2.342973670981332024e-01
-4.109894047525508576e-02
-1.206946036921785481e-01
6.925032502559935743e-01
7.766111737780938551e-01
3.252896407402769974e-01
-3.073102361465607224e-01
2.546343830478980941e-01
7.722836393031085045e-02
-1.395005118156851243e-01
9.470225899665112301e-01
-1.000000000000000000e+00
-7.797524162430913286e-01
2.745309600493675006e-01
8.692111761420888705e-01
5.651095664719774092e-02
-6.670629701132415601e-01
8.688321696691072571e-01
7.398145295925080411e-01
5.553168116671189924e-01
9.806086608830857365e-01
4.551434456740433010e-01
9.757627237768187189e-01
1.000000000000000000e+00
-1.480460637998821660e-01
-5.280481534726635395e-01
-8.482894341764275481e-01
-2.724465371849831286e-01
-1.898477372727505053e-01
9.062555509469332193e-01
2.383189127323473988e-01
-7.060696633102399034e-01
1.000000000000000000e+00
6.757218062235728073e-01
-1.718683467512498453e-01
4.288528207948345550e-01
-4.658953121532038999e-01
1.580725396387845372e-01
1.000000000000000000e+00
-7.018047230600716890e-01
-8.458824348613540600e-01
2.855227572535474767e-01
-9.895563286538968661e-01
-1.000000000000000000e+00
4.324762988614185844e-01
-8.191101564423982628e-01
-5.149589310652763485e-02
-2.432016564597605512e-01
-7.321866887249872669e-01
6.657650203827860658e-01
-3.891673611285486611e-01
6.960982981591272711e-01
7.298601526120302996e-01
-5.475996666760449827e-01
4.296378969633598555e-01
-7.123968457455494008e-01
-3.775899541872376197e-01
2.430270339949955893e-01
-6.725426951479507309e-01
6.760608383233469576e-01
-3.995301568428732963e-01
-7.206595843519203459e-01
-9.509489474143872911e-01
-2.004474914799461160e-01
-8.589245942647210086e-01
9.842996645220358776e-01
2.283188040651531470e-01
3.509590852434172348e-01
4.488214913142241080e-02
4.740953240058524976e-02
-4.761415142320875038e-01
-5.549448280951683188e-01
-2.772011338352893262e-01
-6.696818686515706442e-01
-4.100633204045747160e-01
3.007847586314265076e-01
-5.586093133536720323e-01
1.620158519805094954e-01
-6.005874900757099955e-01
-9.239743184449340507e-01
6.388329182826093522e-01
-1.000000000000000000e+00
-1.000000000000000000e+00
4.280438233413138005e-01
4.476055809071597391e-01
1.000000000000000000e+00
-3.292347059184956848e-01
5.850182844153797301e-01
-2.683147806534635915e-01
7.685717152726054824e-01
-1.726609599549375762e-01
1.000000000000000000e+00
-3.499947286668501634e-01
-3.349193447368292720e-01
-8.051416128137238726e-01
1.000000000000000000e+00
5.243467341379342006e-01
7.296014925109359783e-01
5.342487915309801494e-01
7.776740476443408934e-01
-8.856729725631338201e-01
-7.833834225522977590e-01
2.510875426196639282e-01
2.444309467676036851e-01
-9.173698876041755934e-01
4.530080263649693961e-01
1.000000000000000000e+00
-4.655482409227035823e-01
-6.828087358583720956e-01
-8.301679844613640835e-01
7.836582835682415205e-01
-6.324641961522425859e-02
1.384453365515492251e-01
-5.842420570189110762e-02
9.119577792878224010e-01
1.000000000000000000e+00
4.581892101561577668e-01
-3.706719492212717793e-01
