-3.971451435030100008e-01
-7.637431821674616206e-01
-7.697782645371231691e-01
7.840396588845388592e-03
6.473189058369603899e-01
6.193089425266973258e-02
5.468323424686909462e-01
7.950267463848574856e-01
3.051281140362460675e-01
7.388237379484032807e-01
1.775776255838490414e-02
-1.930697678304309495e-01
6.524680686067125812e-01
3.089950955589013670e-01
-4.637092955874984046e-01
3.137648295670141252e-01
5.293877748547699547e-01
-8.684970563298259894e-01
6.836148969874915604e-01
1.185109587813939491e-01
7.684002739373330115e-02
8.110538666443238842e-01
-3.434041452341425327e-01
-9.752236174713773131e-01
-3.198807957356946119e-01
5.331934420978803324e-01
5.002809620919890232e-01
-3.088310081715957001e-01
-4.035191030365734566e-01
-2.975012772077862966e-01
-5.615452861448961830e-01
-8.972970012914021076e-01
3.922536602990940313e-01
-4.906685587173174046e-01
3.422060123183703340e-01
3.045149164039417933e-02
-9.901959612543658196e-01
-1.000739105855545930e-01
8.159455739663659113e-01
-1.505214785606858729e-01
-9.841102497605054289e-01
8.623964522704838931e-01
-4.281368710691644264e-01
1.657474920552136632e-01
3.999588594317380341e-01
9.952173070490561990e-01
-6.033990951649306211e-01
-2.108638455823896862e-02
-7.039503577018628722e-01
-8.005763544997579473e-01
6.555776826687396142e-01
1.626669793714856649e-01
9.299115086471658742e-01
9.667969498760513591e-01
2.781250303203197660e-03
-1.619959397604420204e-02
-3.665336226973179290e-01
7.279359186628440170e-01
-6.810189318806481040e-01
7.571510461475361442e-01
8.625819345347875977e-01
-3.226516172623058454e-01
9.817326389947731435e-01
-2.092445759618533074e-01
1.742285107562129287e-01
-4.080162136497980097e-01
1.344827382593787313e-01
2.869874522201267819e-01
-9.755296652811022984e-01
6.177227317896198944e-01
-1.000000000000000000e+00
-7.875716044721001730e-01
-9.996662047143223262e-01
-4.477507324840603875e-01
-8.268853889451164285e-01
8.059556254781896634e-01
2.819966170923062787e-01
-6.473816195069854729e-01
1.711618902218012828e-01
3.285634100734886598e-01
2.833955461037511725e-01
1.860375050328855195e-02
-1.437581317696197125e-01
3.195549824353511870e-01
-8.707985339364316957e-01
2.775449325411776247e-01
1.000000000000000000e+00
-6.545435686007068377e-01
-3.649104847093340709e-01
-8.477079910304736732e-01
4.856561367864704604e-01
-5.553693996725213022e-01
3.231893001251318065e-01
-6.613401409370247563e-01
2.473911010804807908e-02
-3.242424404307482355e-01
2.512192147653584673e-01
3.429088143605434347e-01
3.026940455388937856e-02
2.769765492165598975e-01
7.565702414202268855e-02
-8.979720174044252268e-01
-1.024605933372528810e-01
-4.218952796492367874e-01
2.031537415683988268e-01
9.221708483826069891e-01
-1.789111244901406828e-01
3.652496130377882455e-01
-4.696178082096101325e-01
-1.000000000000000000e+00
-4.161447398036677292e-01
7.207055096504135783e-01
-1.723606103744057538e-01
-4.613762047462748317e-01
1.881107429356032590e-02
-7.638680019561812085e-01
-6.211521256118315293e-01
-2.887439992149145596e-01
-2.995335880904772541e-01
3.055215445966246168e-01
3.294122928644229731e-01
6.877461968127356329e-01
7.379254207774332830e-01
-1.892977339183643526e-01
-9.769398969904705687e-01
-9.511491830934937219e-01
9.478051754204359636e-01
-1.000000000000000000e+00
4.825622496815813456e-01
-4.637123785081131988e-01
-7.719088140998968672e-01
4.367430607377231766e-02
-8.687771354232232124e-01
8.738844520468713739e-02
-7.357492668729781471e-01
-4.829786078003204253e-01
-5.688904532892011812e-01
-5.506673304328499885e-01
-1.108123558925471208e-01
-1.272894774925694694e-01
8.440769822115063992e-01
4.870971952569085328e-01
-1.375888053271705491e-01
2.276077581663416005e-01
4.945425904507423365e-01
9.117256519224596900e-01
3.382005607230411104e-01
-4.623282554732894845e-01
-9.676563376750477730e-01
8.617270328088137976e-01
1.237769901774532499e-02
3.598707958149364727e-01
9.140798541897738883e-01
-9.637455409140787133e-01
-6.683018134275464650e-01
-3.129169609736008884e-01
1.011560714206491962e-01
3.146399908885786356e-01
3.670704964083835176e-01
-1.000000000000000000e+00
-1.068137520186576150e-01
7.705754338660100178e-01
5.346738739301539756e-01
5.313031970919970259e-01
6.408105105605998997e-01
-4.457260689591580061e-02
5.479494002928808616e-01
5.743592624406295144e-01
7.899677839248719913e-01
8.072087189553878162e-02
2.468735332097526936e-01
1.118464919311412675e-01
-3.948865189336334680e-01
6.759074530473698772e-01
2.111170955423926632e-01
-9.709187809120445323e-03
6.073926527025679256e-01
9.348395336723660520e-01
8.108388542009437039e-01
-1.281971721270322995e-01
3.822281785597059223e-01
5.490820340795972143e-01
8.416681769015010861e-01
-9.745403222457857950e-01
-1.500312400023209314e-01
-8.852124408550197110e-01
3.498300426120080076e-01
-4.804234172943766534e-01
5.036715082711560321e-01
-1.938901928278466968e-01
-7.828730315391614347e-01
-8.654850528629509654e-01
-1.416281604446119058e-01
-2.068470313880355071e-02
4.650665690764594906e-01
2.414882368962716352e-01
6.544228491008272641e-01
7.239864981591659365e-01
-5.715747853008619206e-01
5.930229262112678423e-01
2.770141840231818975e-01
-2.466753286851897098e-01
-6.280797561880875346e-01
-7.662751872952962007e-01
-1.022303676959546159e-02
6.404136484512847893e-01
1.000000000000000000e+00
-6.751259686054207343e-01
-1.143437845226566996e-01
3.167948188440239399e-01
-4.368212187042317396e-01
6.558831155675497460e-01
-6.358818638111443100e-01
8.887978302096734007e-01
4.859233794928206063e-01
6.067105903871155004e-01
-6.604020494817643971e-01
-6.630804045266192048e-02
1.766903242834189092e-01
8.868244888031038275e-01
3.297226771604848672e-01
8.363680345813990780e-01
-7.971249340425061725e-01
-3.692687537843031276e-01
-2.494763941126683093e-01
4.047580747968484438e-01
-1.265261245954556468e-01
5.563552641381903641e-01
1.348150356199713240e-01
3.106926468588859791e-01
-5.767516608108762544e-01
5.831228496876212919e-01
-7.123579212573944996e-01
-5.490686719735102805e-01
2.476440186430182155e-01
-3.522034850608057877e-01
-9.143297793451177213e-02
-5.100283286450890685e-01
-3.235833943666599488e-01
-1.106997985938484863e-01
-5.560840619497273707e-01
3.455670086238220584e-01
-1.010062113720215926e-01
-1.542256363510443595e-01
-1.151462605388187121e-02
4.111214935439730933e-01
-4.555413700363275531e-01
-6.471134485088114729e-02
8.334171369159351084e-01
-6.622430855108931702e-01
1.037562385496011430e-01
4.120221010961655494e-01
8.670849742720108111e-01
-1.948884391724134968e-01
-7.841165929836981796e-01
-4.691292836946474587e-01
8.383677093564443350e-01
-2.145883323775663598e-01
-4.780750784685798838e-01
7.432454920987059399e-01
-1.053132926643129963e-01
-4.322189890516294764e-01
9.123730463710679750e-01
3.019746644825969106e-01
-5.389155244755232665e-01
