1.748468967572258670e-01
3.537984753297047646e-01
6.995499786017347343e-01
7.696358195511099343e-01
-1.000000000000000000e+00
-1.000000000000000000e+00
-9.979469700875909233e-02
1.201171657746897825e-01
3.375385159231427679e-01
3.239904590724096423e-03
-1.000000000000000000e+00
-9.751076005180181472e-01
2.629915330197498680e-01
-3.352981346010317498e-01
4.847631558673559660e-02
5.373786751779341397e-01
3.158407306679651416e-01
3.020782449898806732e-02
-5.839114975702108801e-01
-4.109420287070251199e-01
-6.246285897880286125e-02
-7.752714846803745452e-01
1.000000000000000000e+00
6.310241198656902917e-01
7.908629628313432747e-01
-4.925431037915661836e-01
-9.892088112112176201e-01
1.000000000000000000e+00
-1.000000000000000000e+00
-2.440708506104986020e-01
-6.390902596015062276e-01
1.448949766137461737e-01
3.216346068880155951e-01
3.868510038744799040e-02
7.055489585269154595e-01
3.000935479764215152e-01
-6.243837993968810451e-01
-3.027433554350404954e-01
7.279602838109671126e-01
4.927051278309653171e-01
5.287449055870281356e-01
-2.267335881646844742e-01
-4.453943972912124405e-01
-1.000000000000000000e+00
7.418107906764543902e-01
-3.758127570460545464e-02
6.946787013522699450e-01
5.167147069701485407e-01
-2.865534746183081571e-01
-8.724916334463042045e-01
1.983054528343237699e-01
-1.000000000000000000e+00
1.626801160068925833e-01
-8.608521525635656202e-01
8.069155801655061300e-01
-5.880561270862434409e-01
-9.452797763900195882e-01
1.000000000000000000e+00
-2.749774679100969177e-01
-6.297390732454986040e-01
-3.609218924061819989e-01
-2.071208699645881168e-01
1.000000000000000000e+00
3.174342009394583997e-01
7.218753152735102319e-02
-1.756854774511520390e-01
-2.388436162858976197e-01
-3.387572619735215174e-01
-8.635006628259558337e-01
1.000000000000000000e+00
8.363119591156809030e-01
-7.147068973259791402e-01
5.766248435472345335e-01
8.417350414227717792e-01
-5.711271466422234155e-01
3.930945820460716167e-01
8.426169181485485549e-01
9.084433129722628841e-01
-7.798085928324072214e-01
1.000000000000000000e+00
5.385666705371834340e-01
9.544477375551285725e-01
-8.861694563279733927e-01
4.179446192932581017e-01
1.000000000000000000e+00
-8.039448423681219147e-01
-1.000000000000000000e+00
3.212840827277805289e-01
6.069082526964930668e-01
1.000000000000000000e+00
-8.775318045469082673e-01
-9.311440114030939963e-01
-9.297321560035154420e-02
3.386553184726481813e-01
-4.189990877213504161e-01
5.438839271694861921e-01
-2.610107274473966732e-01
-1.000000000000000000e+00
-6.836980778808341430e-01
-7.671181026433659955e-01
7.127469602629088463e-02
-8.068688660397467238e-01
8.154077214713488786e-01
-8.601005267796852927e-01
5.753652981064547589e-01
-6.527028149688185454e-01
-5.269366896305716086e-01
1.000000000000000000e+00
8.287728769288915665e-02
-3.234545081732371763e-01
-1.000000000000000000e+00
-8.644912627803806870e-01
-2.954019431930730022e-01
7.559268137393531095e-01
-4.784325482953810105e-01
1.000000000000000000e+00
1.000000000000000000e+00
9.834782634356007414e-01
9.399659678702914078e-01
3.955216290467042928e-01
6.731604142292644255e-01
-1.767550377933786443e-01
1.000000000000000000e+00
-8.040370411552950625e-01
-4.426824811649063829e-01
8.559553615379478231e-01
-4.181027221589659337e-01
-1.971069555256175221e-01
-1.000000000000000000e+00
-9.146675176519014627e-03
-4.118573942095508089e-01
4.644311899846134128e-01
1.000000000000000000e+00
-1.000000000000000000e+00
9.259859845166393821e-01
2.747828484333121324e-01
-5.386048483607803750e-01
8.873848689745249541e-01
9.301817241138463643e-01
-6.530617238117837342e-01
-4.984455464408918957e-01
-6.247802449438548678e-01
-1.000000000000000000e+00
-2.038601063537879288e-01
-1.184437882811477660e-01
-5.013897030597624926e-01
-1.183771739303232096e-01
2.640374901749431014e-01
-1.000000000000000000e+00
1.000000000000000000e+00
-3.899894804868120346e-01
-7.841062044899780314e-01
1.000000000000000000e+00
-4.838518842554084820e-02
3.227864100232835654e-01
-8.638383180926203497e-01
-1.000000000000000000e+00
-1.118881522293486697e-01
-9.001354687690434897e-01
6.248951735015182418e-01
3.123433083860256421e-01
-1.054380440163911192e-01
2.279494396216987795e-01
-7.131904682170486787e-02
1.000000000000000000e+00
-4.237323478516257236e-01
6.990291272595636762e-01
7.283931581176561476e-01
9.881424471856246061e-01
-2.419703717463326242e-01
4.897334631671248495e-01
-5.349989461166815286e-02
5.337868548820404735e-01
8.397311393525228596e-01
9.568892997694027347e-01
7.902081827259646030e-01
-4.198039018625323582e-01
-5.808807485993821018e-01
-2.294932209851185956e-01
-2.196552266091347239e-01
1.640991461180354438e-01
-5.337983984995318121e-01
7.278248367639021943e-01
2.352112365130654137e-01
-1.642856625688370320e-01
2.632415174125379842e-02
-6.372901739256509046e-02
3.911259747465989367e-02
-8.079781276376507559e-01
-5.771479043608296333e-02
1.658750719410104768e-01
-1.028890368435231295e-03
-2.206949748826485536e-01
5.136555388094881103e-01
-1.748121874913497464e-01
1.000000000000000000e+00
5.466087592807427065e-01
-4.116488574065306771e-01
5.571118752943613472e-01
-8.886324003062950894e-01
2.117181183053742366e-01
-8.684751950645104301e-01
-7.915276340115300346e-01
-1.878760344108771907e-01
-7.147422991256080493e-02
1.585660115352465205e-01
-3.778079919428607436e-01
-7.730442044336247598e-01
-6.119061462851493882e-01
3.014967172696134678e-01
4.652988754697455764e-01
3.512264067545354251e-01
-2.115763093119672755e-02
4.802715760806668399e-01
-3.838628344812746729e-01
-2.341653581919762583e-01
8.723616350084688609e-01
7.331727406904573474e-01
-3.866107918156180823e-01
6.202817857376616839e-01
4.037366898279839411e-01
-8.867902353674363969e-01
-1.000000000000000000e+00
-8.636286942019806290e-01
-1.491915943427253310e-01
7.551882200162440828e-01
-1.261906646063086779e-01
1.743932415637960975e-02
1.000000000000000000e+00
9.746919593754568290e-01
-2.219197911467674089e-02
7.605053929658371903e-01
-1.713644834069024681e-01
-6.123966670764613429e-01
-8.533256372232456144e-02
-1.000000000000000000e+00
-3.291724919141898464e-01
6.298914489174902709e-01
-1.588322147920241123e-01
2.549455076495013017e-01
4.706755827882429521e-01
-5.769184554744859472e-01
2.882639251097767197e-01
-1.042457106541658796e-01
3.725937290174319294e-02
-1.347137930805299977e-01
5.924501399947053049e-01
8.460412272350801288e-01
-3.583255546020247539e-01
8.263736229867781891e-01
9.496858095740212669e-02
5.266043548964900456e-01
5.713327843111348781e-01
-1.929130352680110683e-01
-7.085561559948594379e-01
-1.805424221330895751e-01
2.823318820903795157e-01
9.321443800554884973e-01
1.000000000000000000e+00
-1.000000000000000000e+00
-9.156532290179348887e-01
-2.994723552904321462e-01
-1.000000000000000000e+00
9.287891016541096612e-01
-7.771029142591252548e-01
