8.176350697231016262e-02
3.220345018213655042e-01
-1.000000000000000000e+00
-7.351290294934311742e-01
9.640825382610582750e-01
-5.498509568583223039e-01
4.196109622589427879e-02
1.000000000000000000e+00
-2.603939493965641283e-01
-7.695160218771723848e-01
-6.612874899431804288e-01
4.478942972309281068e-01
-3.815396718224379757e-01
-1.000000000000000000e+00
9.638154925471063006e-01
7.854286968121488854e-01
-2.900376711784813377e-01
-2.069668699105799980e-01
-9.634072593240009530e-01
7.566136843348540975e-01
-8.019167743778865542e-03
5.597769777503160959e-01
8.592452731749755657e-01
-9.889193987863285074e-01
-2.348729624757512902e-01
-8.340896244246651658e-01
-6.904276784064264927e-01
3.251985923302669335e-04
-8.330013489436491891e-01
-5.739580116540836663e-01
-2.904631457187236698e-01
7.251335474299156481e-01
-8.742108294447037409e-01
6.162957083947055992e-01
4.548671943837145903e-02
6.094868304684746274e-01
-9.173156616997684143e-01
-9.044513454046361201e-01
1.396743233991557531e-01
-3.788338874981134197e-01
-1.000000000000000000e+00
6.337961512700465150e-01
8.648368779040240817e-01
1.000000000000000000e+00
-8.526574379205142939e-01
1.319521017610214564e-01
1.000000000000000000e+00
-1.156277961252156761e-01
-4.479713198317711864e-01
1.000000000000000000e+00
9.988949443596593092e-01
-1.085912756692877235e-01
-3.921852743159128796e-01
8.600470654342624588e-01
9.999353013473213370e-01
-9.036373299696887074e-02
-1.000000000000000000e+00
-7.351961182507400494e-01
-7.297629753246832607e-01
-7.166983449977013532e-01
3.690344305899522226e-01
-6.953106328589639951e-01
-2.920186244945806031e-01
8.054726675444618955e-01
2.371344144399252230e-01
4.404583231658301123e-01
5.630358595777249509e-01
-3.943373699351990780e-01
1.828783338710826545e-02
-7.049499638584952876e-01
8.459298201070297729e-02
-6.847375235439181473e-01
6.902289142135289435e-01
-8.596849814578990667e-01
8.963389744947192206e-01
5.515046822628497658e-01
-6.417112265672113569e-01
-1.185946806179545288e-01
1.059260388475946613e-02
1.158818102273149186e-01
-9.749416951514271457e-01
7.218294245981236035e-01
7.081734270452357816e-01
6.677039905203254744e-01
-8.368800168124155281e-01
1.754141732207346038e-01
-3.495703170118289460e-01
-4.262598865227287259e-01
-6.695994218006289245e-01
-3.331669411599944564e-01
8.761131161086890273e-01
-4.827750053026640398e-01
-9.742200573107746564e-01
2.834783882498976837e-01
9.276982078334115034e-01
-5.411255277918995965e-01
1.000000000000000000e+00
-7.153684614913340400e-01
9.809899048190724447e-01
3.426753205309784889e-02
-5.103177431209886539e-01
4.244198003836099353e-01
-2.278102778885191526e-01
7.822709225490902529e-01
9.064519173262461926e-01
1.073651986473301845e-01
-7.816468936327531924e-01
4.213203607475920487e-01
-3.657684287249360344e-02
-9.061911621237257464e-01
-8.631237732506045202e-01
-8.389199481009506076e-01
4.050215721664391921e-01
8.611249431312684166e-02
6.479623340984059787e-01
-5.045081340377828294e-01
4.118157753257796205e-01
5.046901754940467111e-01
6.320047084596176479e-01
5.006084397461267876e-01
5.655801222055076849e-01
-3.523108169211965901e-01
5.448781952130477002e-02
3.948307930008940758e-01
-2.564345057501424829e-01
-9.866550899290078558e-01
5.654622353445712957e-01
6.061364835580786981e-01
9.679087211703882865e-01
-4.316439786071659679e-01
4.770292863110916493e-01
9.238528276628281688e-01
7.929760179739919757e-01
-5.471914643469857342e-01
9.073700393608765680e-01
-1.618571164380995242e-01
1.555381860248628012e-01
-4.024047809917874474e-02
-3.456294456808608473e-01
4.998899046586231520e-01
-7.739306916616492948e-01
-4.625444097865889503e-01
-1.195084833152770809e-01
-2.516791640177273859e-01
5.932257675720171708e-01
7.344414257822620140e-01
9.223916192544214798e-01
-6.952724562203371761e-01
8.893100743035369238e-01
-8.804421686877805797e-01
-8.353950445267008806e-01
8.301072997073075665e-01
-7.183750636026609016e-02
1.062417646881643751e-01
-1.446989603760553411e-01
-1.000000000000000000e+00
1.578411698896249327e-01
-5.190390670770306247e-01
-8.708582947291705345e-01
-4.905508227104129482e-01
4.395895856851561589e-02
3.073538408786393727e-01
-7.860424501182212698e-01
8.878746349146382499e-02
2.981740092890567961e-01
5.515409689706241014e-01
-7.533284944701648111e-01
-6.568640741281499551e-01
-5.733507573185001593e-01
9.726872703299136447e-01
8.929585335702094895e-03
-7.595175539726393144e-01
-1.346469568941255357e-01
-5.863205611339981083e-01
-9.936461583318469959e-01
-3.414821244031893688e-01
3.853179468155611964e-01
-6.493559291434722880e-01
-7.125753762960764792e-01
-4.316630581909062236e-01
6.685155263500308642e-02
-5.997225327033381959e-01
-2.905665746863821397e-01
-6.825518649624418011e-02
3.496830894718705451e-02
-6.135665571791171224e-01
-2.658672734313720643e-01
3.455358737041327455e-01
7.367244440410725126e-01
-3.325959267364697602e-02
-1.374080136310094069e-01
-2.973787455073906294e-01
-6.666698747632857636e-01
2.011622019597927302e-01
-9.885444155904856700e-01
4.550455601226186531e-01
1.788787863261314115e-01
-7.906773790554124659e-01
-8.612201146251485806e-01
6.967707780666387851e-01
1.565837125196143376e-01
5.395972922318910125e-01
5.043639523990117723e-03
-1.000000000000000000e+00
1.000000000000000000e+00
7.725567779765629695e-03
4.628038286729181383e-01
-7.853875465126232136e-01
5.792009281575392077e-01
-1.121773232397229592e-01
-2.649064902638296193e-01
1.793240395797637277e-01
2.012478078701851469e-01
9.565266068793831788e-01
2.876349001073899014e-01
-6.853818636235664563e-01
-6.399417874762916014e-01
3.782847756437808240e-01
6.598581223782300498e-01
1.000000000000000000e+00
2.222270202350000723e-01
-2.706394718197069338e-01
-2.260587630044093022e-01
-4.345702328418272753e-01
-2.536872861684089653e-01
9.202065759149373747e-01
9.859315597128397446e-01
6.151141837260221124e-01
7.741580074489062824e-01
-4.409779521121306445e-01
-2.199803440107606090e-01
9.857228450264454711e-01
-1.205268376015438125e-01
-4.826253179602897347e-01
1.361582837236150478e-01
-1.946919045299071449e-01
5.543497037682212358e-01
4.689036182741908032e-01
3.975515719732036768e-01
1.748541551781168657e-01
5.784656800828704704e-01
-1.109429972142483845e-01
-8.157272398716290951e-01
9.531128262985044675e-01
2.099405091838402182e-01
-6.653251851363672920e-01
-2.338166400853889382e-01
-5.757602179932044262e-01
-3.589210573494510115e-01
-8.132411995278574501e-01
-7.291625866685913504e-02
9.732048564873176932e-01
-7.142461733565572679e-01
-8.925503116851631891e-01
-7.156459094298148749e-01
-9.658846007644559251e-01
-2.748682179777484080e-02
-5.206966118962974566e-01
-4.452084246506937681e-02
8.827264307586899506e-01
4.126997102847360654e-01
-4.217700698940063386e-01
-4.500067855179452625e-01
9.058533268485164935e-01
-1.000000000000000000e+00
