7.540450065062240803e-01
-8.625840340571082621e-01
1.352405421468323432e-01
-5.139058811894363643e-01
9.184270444295277169e-01
2.492680301148561539e-01
-6.717920179052345730e-01
1.047624105294220342e-01
1.208689216703808800e-01
7.429993751880146213e-01
-1.407297643902762907e-01
2.837094660836281257e-02
-9.674871958524169369e-01
-9.690620015093327488e-01
-5.353361471982462927e-01
-8.376447945519074345e-01
5.412278062151230085e-01
6.610215468152922380e-01
6.237204502180686561e-01
1.816630440936410906e-01
4.393465464675914145e-01
-4.861663417199757475e-02
-1.600865522819845399e-01
-3.355613800087462462e-01
-2.897018216640416810e-01
-2.198596666304026837e-01
2.768146522369292484e-01
8.836555890442272521e-01
4.811617829407761615e-01
5.314139683395457947e-01
-4.766523532455018142e-01
1.638478759128454421e-01
6.737390272907042288e-01
9.021533398928978098e-01
-6.381442975704723075e-01
-2.769182564359857768e-01
-8.524223389990119859e-01
-2.163734937708625683e-01
5.938423565295845030e-01
-4.926904514980141592e-01
-7.266184761591474306e-01
2.559505260392802573e-01
-2.701405002255505838e-01
7.807016998454452406e-01
-9.252184445066509166e-01
-3.690847676811717104e-01
7.975288587633340143e-01
-2.122322391449471546e-02
2.466313160405685379e-01
4.894401125231915284e-01
-3.821092233418681428e-01
-9.183220680601229535e-01
1.000000000000000000e+00
6.359153593014634787e-01
6.954139176341278539e-01
-3.352483789730849040e-01
-1.660124048575719602e-01
-2.690399898399682410e-01
-1.182242171618803628e-01
6.966844028941305833e-01
5.607855818948515036e-03
-5.473807775186920743e-01
9.923396525314560623e-01
6.097256283616544481e-01
-5.422800797951701224e-01
9.997723595288724452e-01
-3.779436271272862413e-03
-8.112008664429006810e-01
3.689281137697439927e-01
-5.004151794903375361e-01
6.006756713043610585e-01
-8.736182568716517327e-01
-1.043099245495189287e-01
-8.362406509149324929e-01
8.641947467129316163e-01
-7.214631480558304499e-01
-6.230881482253571857e-01
-8.387236040152699079e-01
-6.275677783216693228e-02
-1.623328304649107601e-02
6.079589741609012776e-01
-9.828004491802422304e-01
-4.054206419180919063e-01
5.502966436256011562e-01
-3.438327384896977534e-01
3.323692345000084369e-01
-6.734207870358410730e-01
1.911210410724895059e-01
5.427508502165947490e-01
-7.460050378581090103e-01
-8.536286320655595006e-02
5.783953358145210721e-02
-2.440184861213903211e-01
-1.088405877677356415e-02
9.248547499101167357e-01
-4.636728957513855942e-01
-9.080880830842052998e-01
1.000000000000000000e+00
9.759429496388549730e-01
-1.000000000000000000e+00
-1.815411691078341327e-01
8.542191262326370715e-01
1.000000000000000000e+00
-1.000000000000000000e+00
-3.446608153040890965e-01
5.773994754858269296e-01
-7.163319380310371187e-01
8.779274066924098729e-01
-7.913553365682222118e-01
5.208688012184274907e-01
-1.387488842659541088e-01
-2.217224304614007213e-01
-6.390931690184742386e-01
-1.120906119131603873e-01
9.619409999754036100e-01
-6.847543863802207920e-01
7.546661505308789319e-01
4.565731313204122177e-01
-3.637902017131977583e-01
-5.049911929386681209e-01
-6.497753689226648532e-01
3.467345373074959269e-02
2.972622516863285824e-01
-3.521638069694439377e-01
1.916562451705128289e-02
3.813309241936007066e-01
2.301369154848705301e-01
1.000000000000000000e+00
9.840697427798081875e-01
-9.682965737370863302e-01
5.697469228291416332e-01
9.037864655633245370e-01
7.621879970553653294e-01
9.483372626255233140e-01
-7.525407037090370288e-01
3.492591280403365417e-01
-7.514748628996892332e-01
8.498529239818308767e-01
1.181690729569064846e-01
3.480733993903932788e-01
-1.469739795731217491e-02
2.043099984166512062e-01
-5.295828391817996028e-01
-2.572763572731400217e-01
-4.828581879456117498e-02
7.840811542790171451e-02
-9.090606246008938740e-01
-4.460674157365818182e-01
5.766564625942338651e-01
7.609866782726730783e-01
1.104368015309833417e-01
-5.677420913795421242e-01
-1.248751733713566736e-01
8.862103101700722352e-01
-3.554605511561079734e-01
-5.604042431349560704e-01
7.012914714628943891e-01
6.942704037903124625e-01
-4.651146975258064753e-01
2.527645803266691527e-01
-9.295053492481903934e-01
7.824152382831712771e-01
-7.285141000797930033e-01
9.190863367534318762e-01
3.523733362722583085e-01
3.259984387572394393e-01
-1.733270890108205009e-01
6.663199005284892174e-01
7.530153149007166036e-01
-6.586101609133434565e-01
-9.866035593155064731e-01
1.285212515591127591e-01
1.624764191693586213e-01
-5.407236299580209238e-02
1.619365086759276817e-01
7.709601170780939761e-01
4.171281441729821626e-01
-8.871608300193103425e-01
7.042113167937477103e-01
-2.426816379043654770e-01
9.525340141231819491e-01
8.042769964790368320e-01
-3.444839322937904846e-01
6.782991150844361883e-01
-5.543834284379163257e-01
1.749361867662873049e-01
-8.279175080192124891e-01
-3.408316674437683602e-01
3.107750149504593384e-01
-2.498250507253381159e-01
-9.467815437549118585e-01
-1.905745878627311818e-01
7.923276203284839170e-01
-2.222612617271015889e-01
-9.648440159626263668e-01
-9.223722710904929123e-01
2.251831200068006300e-01
6.819926301547241110e-01
8.814316659041139257e-01
3.400725942926401402e-01
-7.287572921738834086e-01
8.587721202493929784e-01
1.287542943607609125e-01
-8.060121216700995017e-01
-3.550829226551752704e-01
1.000000000000000000e+00
4.654127560314049727e-01
-8.480577227301173693e-01
-6.263322833717628324e-01
-4.872885196386909090e-01
-7.224135804570270825e-01
1.580261106256333203e-01
-1.997094054825516718e-01
-4.208700991645355494e-01
-8.436040166811056285e-01
7.748399823746319193e-01
2.223965776237042391e-01
4.743293209370744723e-01
8.347376988869874559e-01
-6.526712203808366919e-01
-6.903618641176529902e-01
8.859627833419982945e-01
4.335622632506215268e-01
-6.602883758757283061e-02
-7.147619427074045628e-01
-2.320667447615201162e-01
9.630691258970769386e-01
6.594820621238448588e-01
-3.014775418753525837e-01
-3.829921390756527710e-01
-1.034248766108918360e-01
-5.050939180454996347e-01
-7.205495249607685171e-01
4.553664341863927767e-02
-4.522667037103200727e-02
-7.139172108722477983e-01
-6.975402073690220028e-01
-3.008247313911429632e-01
5.392930062426859461e-01
-3.894663370188455875e-01
-1.412900956269600439e-01
2.650908356028089941e-01
8.979016504690224831e-01
7.597955386676780165e-02
-6.500240983474754319e-01
9.543211387527767986e-01
-8.410435568983651855e-01
-3.138949430033601828e-01
-5.307239524929376895e-01
9.039699533988483360e-01
-4.511495953217476984e-01
5.675016289426797478e-01
5.126831460094649628e-01
4.725262692515401763e-01
-4.925023867825342183e-01
1.000000000000000000e+00
-4.647617766247822413e-01
4.661368408292201337e-01
6.761212936276799201e-01
3.968491923824335466e-02
8.917055279269652246e-01
3.420534369962098253e-01
1.477032959844517546e-01
-2.707996040863767107e-01
-8.450330926357323413e-01
