3.129233491965661695e-01
-3.994543923334299418e-01
4.078635603804379173e-01
-4.126457009160489076e-01
-1.000000000000000000e+00
-1.000000000000000000e+00
4.954119736514392969e-01
-7.148966547288699847e-01
-2.113328853885393377e-02
8.092650562885023158e-01
-3.751089333982722263e-01
5.426020177039283521e-01
-3.586506736737067325e-01
-4.889286617745967067e-01
-4.290691252752537599e-01
-6.476297574937395218e-02
-6.075457275939346591e-01
-4.379386818892034849e-01
2.786256102547168823e-01
-4.494955043731296840e-02
-5.383032944292674982e-01
-3.616269768049451550e-01
-1.000000000000000000e+00
-1.483010991753027363e-01
8.252165077280224637e-01
-2.737373635712609943e-01
-4.644387879426890020e-01
-5.478455753436026754e-01
1.022548089724522047e-01
6.101160464132635575e-01
-1.801264308398800029e-01
6.050584765735387283e-01
1.000000000000000000e+00
1.768076821555317757e-01
4.980700967500557574e-01
-4.232144201646692583e-01
2.491606043109770852e-01
4.513602711592898942e-01
6.116023632019409462e-01
-5.098754649891870105e-01
1.611571919616960891e-01
-2.060122586534375300e-01
6.427962276051890633e-02
2.622739268162579407e-01
1.978463857284926686e-01
7.173622805386117296e-01
6.421914276962570334e-01
4.260376842127816532e-01
4.180400456748709637e-01
5.562576135702592683e-01
7.091039553645390736e-01
5.220034399481003895e-01
-6.011118599521598771e-01
-1.000000000000000000e+00
8.611264983479356427e-01
5.961353092382675189e-01
1.000000000000000000e+00
6.700051660368810946e-01
-3.205256290575637657e-01
7.981576951956252941e-01
-3.048234320507994255e-01
-4.175118733437803709e-01
-1.024982283054276522e-01
-4.220289983959124580e-01
-6.200558649625462770e-01
-5.138275783285649601e-01
5.808506738029752814e-01
7.036023003573728118e-01
1.000000000000000000e+00
-1.000000000000000000e+00
-3.069311752962465278e-01
-6.568712590510166205e-01
-5.175959627936201901e-01
9.438395952953593238e-01
1.231992841500062497e-02
1.000000000000000000e+00
8.168875333665825966e-01
1.000000000000000000e+00
7.249376709870389845e-01
-5.950357141745232781e-01
4.683581026111882650e-03
-1.000000000000000000e+00
6.143138921264403862e-01
5.233950677349894498e-01
-6.493977455651884778e-01
-9.085188593105184562e-01
9.646578832487116006e-01
6.431054026503040255e-01
3.931308896356267013e-01
-1.289214278782127021e-01
-1.603349419542252630e-01
4.505604572693722165e-01
-2.279558469482478866e-01
1.974807924701076356e-01
6.821228171005534469e-01
-9.046704087508636860e-01
-3.356519319643116450e-01
-5.820813525354491258e-01
-7.846827792362041087e-01
2.207676605067527831e-01
-2.360625609613649090e-01
-7.894510416894660043e-01
3.876149392608896349e-02
9.701259755938529405e-01
9.341355749448247980e-01
-5.337363270222230671e-01
-7.722171955290073608e-01
-7.985158034543953232e-01
-2.844147616914802779e-01
1.000000000000000000e+00
6.808030884844031849e-01
4.222354764057245635e-01
-5.383401765634907576e-01
1.966950937341345185e-01
-3.745695839238345481e-01
-4.540777909987014915e-01
5.523238292380634462e-01
9.190430385968872962e-02
1.878931811091510973e-01
6.597148340971364933e-02
-9.773933407305646082e-01
-2.252662432082204180e-01
-1.000000000000000000e+00
-1.000000000000000000e+00
3.573720574732765498e-01
-1.450578938534252682e-01
5.553161822423404725e-01
8.459591526451648580e-01
5.165539622505588291e-01
-9.657482123253717798e-01
3.221572384610360551e-02
3.899089972929878911e-01
-3.446947738732804023e-01
7.582336964833933379e-01
1.000000000000000000e+00
9.857825627886989128e-01
8.114460269626124767e-01
4.256732881909377486e-01
-1.812906151228823592e-01
1.000000000000000000e+00
-6.985788139227326887e-01
6.821350052138519526e-01
-2.094073821900541699e-01
-1.000000000000000000e+00
-1.000000000000000000e+00
6.621449514262667257e-02
-8.411639471106053811e-01
6.578732596712166814e-01
-4.142014257097803576e-01
-6.005251376935645258e-01
-8.523063719812626893e-01
7.720149937509851457e-02
2.627627091217599187e-02
-1.333386645574634599e-01
5.702261630732123887e-01
5.705232572280860559e-02
7.862014137333699360e-01
9.247719848374141849e-01
7.752031347626400226e-01
1.144497657106358091e-02
-2.257958115486897732e-01
4.573928187004938639e-01
1.654134144833769859e-01
-9.611321411960898065e-01
9.265039728726913726e-01
3.625298839355406422e-02
-7.554758783011248369e-01
8.092909822609817283e-01
-7.299373477184649683e-01
4.875166313455223666e-01
-6.296113333025257219e-01
-3.504078918393321862e-01
-5.258845365359512414e-01
7.668053394973128878e-01
-7.454794564769329224e-01
-4.620872361835828279e-01
-2.492548458904726427e-01
-5.045267909709276744e-01
7.862285682991898561e-01
-8.652871219493583066e-01
6.151396150335424196e-01
7.353201691241897375e-01
-6.836332077306894739e-02
-2.101264001109104385e-03
4.786494572630324296e-01
-4.317895487913845365e-01
-7.409930009620979696e-02
9.721005359681680336e-01
-5.053586907410156925e-02
5.596659438696658384e-01
4.670076729693416473e-01
-2.950433341639193685e-01
-8.177178747099076439e-01
-9.710250926190986398e-01
-8.954742801811992337e-01
-4.505112539988773701e-01
-4.556769574094543529e-02
5.251017606488739276e-02
-1.563377073075717938e-01
1.671445763850094579e-01
1.269542071138853867e-01
-5.940924316253828330e-01
-2.328417861029579150e-01
-7.079389108871447789e-02
1.213353499724194595e-01
1.000000000000000000e+00
9.312187852682378697e-01
-3.355770165258620263e-01
-6.922951062759432617e-01
-5.333979035052314188e-01
-1.000000000000000000e+00
2.987052473808751163e-01
-9.069064020652493063e-01
-2.060592959479654596e-01
-1.000000000000000000e+00
-3.191685579308792264e-02
2.595678378061332392e-01
9.016293652242632906e-01
-5.385383064171833656e-01
1.000000000000000000e+00
-1.000000000000000000e+00
1.000000000000000000e+00
6.648214696214107544e-01
9.803839368732514270e-01
4.602817345067746757e-01
-9.234016928080661657e-01
-8.321950198718377489e-01
-8.683990032647321833e-01
-7.058259583882389165e-01
7.475509335732830607e-01
2.257426172430687661e-01
9.185827508106052530e-01
-9.597293640128343739e-01
4.018009419745212085e-01
3.122452567422326908e-01
3.472565725710334839e-01
1.365590062509696168e-01
4.130054461456619253e-01
8.184169159548475569e-01
2.950770682640377340e-01
-8.568169817387518705e-01
1.000000000000000000e+00
-3.368129096961138824e-01
9.933059703384705674e-01
-9.926584514177034801e-01
5.130662181822907009e-01
1.000000000000000000e+00
-8.799160007720210896e-02
-7.337841109053888644e-01
6.868702083026467786e-01
-1.539213004601274193e-01
5.504527766940169320e-01
4.530171760669090553e-01
1.000000000000000000e+00
2.942407966729487789e-02
-1.000000000000000000e+00
-7.097995002181423096e-01
-4.354647284768917714e-01
9.826412791556846660e-01
4.154422030833981871e-02
3.111275608700209139e-02
-5.643967041952908659e-01
8.137836253918073748e-01
-5.931641881543809891e-01
-1.635149057899005776e-01
