-8.449171949684224359e-01
-3.659663645888466266e-01
4.041078198100649388e-01
-6.941126250666267428e-01
-9.396883423893998000e-03
-1.000000000000000000e+00
9.887895177264851565e-01
-8.315559658994242653e-01
1.000000000000000000e+00
-1.000000000000000000e+00
-6.271685149189152320e-01
-4.391250740946490705e-01
7.214586927887089995e-01
9.214798076207850741e-01
-8.882757581901126187e-01
-8.345671223257102866e-01
7.270279419893840300e-01
3.825451190415012359e-01
-5.440654230699135674e-01
-1.000000000000000000e+00
6.170739577534756215e-02
1.734785749064887694e-02
1.000000000000000000e+00
-9.052810476648498472e-02
3.563759350243635438e-01
5.250649352738978592e-01
-7.706409651051930876e-01
-7.745191729305578310e-02
6.433653371888077288e-01
9.198590670054662688e-01
8.402808691936236585e-02
9.111740959143062035e-01
-5.008640772021042409e-01
-9.731148624288301630e-01
5.193810811199288668e-01
-1.000000000000000000e+00
8.684242901608252296e-01
-2.256008750189724132e-01
5.363644747723037565e-01
5.803459976679019583e-01
-7.100226087403629371e-01
2.281389652881313790e-01
-9.791710353913414266e-01
-6.599132154106107651e-02
-1.000000000000000000e+00
-1.000000000000000000e+00
3.587872251803736479e-01
-5.133640141255018108e-01
-3.403864651518988538e-01
7.024275482351849398e-01
2.838919408040538883e-01
1.000000000000000000e+00
-4.977383080279944583e-01
-7.014287732678348153e-01
-6.871454667233423130e-02
-4.218486981638004396e-01
-8.103327918564151577e-01
1.347140256055530116e-01
-1.549883833883061168e-01
-5.904626298911979099e-01
1.000000000000000000e+00
3.222553972472022021e-01
-7.461872044794677361e-01
8.903852841750725666e-01
-8.115042009206638873e-01
4.758109589605232781e-01
6.871473806582932831e-01
-1.000000000000000000e+00
1.000000000000000000e+00
-3.829703362824867785e-01
-6.543675101504380365e-01
6.537723740981224996e-01
-8.891306504516409692e-01
-1.797169902279507347e-01
9.780797883785226077e-01
1.389986570363170859e-01
6.996278567982714414e-01
9.434165240319591916e-01
-7.184513214059052855e-01
8.542268994600492604e-01
-1.086508973415378776e-01
8.591812075539999594e-01
8.244576779433545610e-01
-1.717060903143148298e-01
-7.536671582443941197e-01
6.181443740189769276e-01
8.165051440208173084e-01
-1.196489228247070713e-01
-2.263456178583513889e-01
-1.000000000000000000e+00
-6.789326366635428656e-03
-7.354367268465822338e-01
7.847573906548659384e-01
-1.499090627271959519e-01
4.391780851194580504e-01
4.034497510450203439e-01
-8.467032871158515217e-01
-4.547082901618171302e-01
-6.949630036949199230e-01
-2.585023761466023196e-01
9.007117935114148377e-01
-5.991906409475036277e-01
-4.978720327568795234e-01
1.000000000000000000e+00
1.169013221838579586e-01
3.114799220783643907e-01
9.280445288205272369e-01
2.869328482646560374e-02
1.000000000000000000e+00
1.271644259066253557e-01
9.076448444795937043e-02
6.217439716763053514e-01
-6.041439528518270929e-01
4.146175037128998486e-01
3.220566518872687301e-01
5.044115660476489182e-02
1.639772406355166634e-01
4.030880514945378579e-02
1.243523741988270537e-01
-9.684898755873794229e-02
4.838379084797075347e-01
-2.144211783851006636e-01
-1.631088281073678203e-01
4.581411131430829231e-01
-4.486150784708875516e-01
-1.704567881159069209e-01
-2.669246654479213721e-01
9.265593320462341964e-01
1.343996548276049918e-01
9.040317564606910050e-01
4.697056007883158024e-01
-8.612339636480235150e-01
4.728259698213979068e-01
-1.000000000000000000e+00
-6.142185469749641413e-01
-6.222789984367582683e-01
-7.875449904958478076e-01
3.611444146756368490e-01
-1.394661868191335863e-01
5.313537326578742226e-01
1.000000000000000000e+00
1.160214218154380639e-01
-8.030033675887244815e-01
-7.706841856045998362e-01
2.276277262810373347e-01
3.178481626791713199e-01
-2.938265317552666289e-01
-1.000000000000000000e+00
-6.858618573060264456e-01
4.331963991126434599e-01
-7.948995434759165146e-01
3.965568942337687197e-01
-9.386654755601708811e-01
9.835935043758716745e-01
9.917827869809028307e-01
1.000000000000000000e+00
-3.394083327630899038e-01
-9.441361649847290760e-01
-9.034634210636438567e-01
2.911874014348427853e-01
-1.000000000000000000e+00
9.778948750233935616e-01
7.998560019506975038e-01
9.730932398152523088e-01
1.522863230830195924e-02
1.267066522237774162e-01
7.649836184031368891e-01
4.199304359861677494e-01
-9.528511209395087445e-01
-5.001603119436017764e-01
3.647788881843201381e-01
4.317643597508078468e-01
-1.000000000000000000e+00
-1.098437170083927938e-01
1.000000000000000000e+00
8.829036860915517870e-01
-1.000000000000000000e+00
-8.016270302854981988e-01
-1.000000000000000000e+00
6.303267044612513859e-01
-9.748972797573417504e-01
9.462622081154379305e-01
1.000000000000000000e+00
1.000000000000000000e+00
-2.337662111239082741e-01
-8.007247186696742070e-01
1.000000000000000000e+00
-1.000000000000000000e+00
-1.656518691556261302e-01
-6.658551158196055475e-01
-2.656689689651348107e-01
5.489146921784961997e-01
-4.116195973922083251e-01
-9.802513925134663797e-01
4.602663182688742083e-01
-1.688250828263322401e-01
-6.115552039097780224e-01
2.313630396308428150e-01
2.784654309794458715e-01
9.397357861331945283e-01
3.828501301994231554e-01
1.000000000000000000e+00
2.562897634504621713e-01
1.000000000000000000e+00
1.000000000000000000e+00
9.756399863121696381e-01
-6.434215715727960028e-01
2.870385110688186137e-01
-4.873154681025693158e-01
9.185745539513194835e-01
-1.000000000000000000e+00
8.455069120239924185e-01
4.691011882639077868e-01
1.000000000000000000e+00
4.038060700704488859e-01
-3.933655780659173207e-01
3.685598472001554438e-01
-9.571215263328824996e-02
6.893635604902808023e-01
4.440218391579242585e-01
1.000000000000000000e+00
-2.389981138146657358e-02
1.838314823553427457e-01
4.536596490087287936e-01
-7.916257351990003688e-01
5.110749118528445933e-02
-1.000000000000000000e+00
7.001559990606340822e-01
1.512544744016484088e-01
1.962934496888979474e-01
-1.345208799809987088e-01
4.346019427759276743e-01
-6.438336618029156799e-01
9.325438661690219622e-01
6.226914695044243331e-01
-8.363124697656463269e-01
1.284397677810258376e-01
5.945052451591144038e-01
6.648747810845734296e-01
-2.216472263148906996e-01
4.926469349298083777e-01
4.451678507053821177e-01
-7.306071479880327235e-01
-1.000000000000000000e+00
1.000000000000000000e+00
-6.817845512454767665e-02
3.474313655599565731e-01
-1.000000000000000000e+00
-1.000000000000000000e+00
1.000000000000000000e+00
-4.330243556561375051e-02
-8.154322805650451311e-01
-2.208254961781054848e-01
-6.757744093190503065e-01
-4.426977815501322855e-01
4.860929543328396107e-01
-5.604798360405698343e-01
9.650884899865603828e-01
4.588303212419997390e-01
8.019014188348212446e-01
-8.118305335704349979e-01
-5.197348385358397937e-01
-1.107147973594171386e-01
5.000565752556970223e-01
-7.372152128704381191e-01
