5.218364678547555702e-01
9.096501710174549338e-01
-9.431872048595901781e-01
7.048745449913049743e-01
4.858061260180723817e-01
-7.253047555931813051e-01
-4.831120411136891057e-02
-1.000000000000000000e+00
8.650042319765334220e-01
-2.238455912385226565e-01
1.000000000000000000e+00
-4.233907323801170963e-01
-7.986729642048373545e-01
5.024768692683887483e-01
5.447260771453812378e-01
-3.499002788926939278e-01
3.719221018195340012e-02
7.949593197720532523e-01
-5.170501998452554648e-01
-1.000000000000000000e+00
-1.537812474207655988e-01
-1.000000000000000000e+00
1.000000000000000000e+00
-5.764169091197934858e-01
6.668052101676209542e-01
-7.923474408716471018e-01
6.139925459206452274e-01
-5.319302168309399947e-01
2.886506313044130412e-01
8.931410593398239062e-01
-1.000000000000000000e+00
7.089293365546047720e-01
-7.600086909749510511e-01
-4.471932191494730757e-01
9.332520205975356475e-01
4.779365804464419387e-01
6.692789796700673310e-01
-6.648880148514217936e-01
-1.151681845389873615e-02
9.750931025350506598e-01
-3.861586794536779887e-01
-4.435165551752788815e-01
1.000000000000000000e+00
9.415841649209679698e-01
-9.002718351082958925e-01
5.704327861312916692e-01
-3.116246865522616094e-01
5.613165058597091583e-01
6.381057424069898065e-01
-2.813982570581970988e-01
-4.958109743796399460e-01
-2.759629962260312652e-03
3.622102804209375027e-01
2.090468167621408191e-01
-7.269760635970528018e-01
-1.000000000000000000e+00
9.446564745380299222e-01
5.534829659658946355e-01
7.371188937767714222e-01
3.414599560060851413e-01
1.661323638356513310e-01
-1.023676028294202567e-01
1.000000000000000000e+00
-6.553261157116050395e-01
-3.381842414702092015e-01
1.000000000000000000e+00
1.000000000000000000e+00
6.770625433413950400e-01
5.384746843074545986e-01
1.000000000000000000e+00
4.743055645917770846e-02
-7.838830280714292886e-01
-9.730338314051758530e-01
1.835078067751991782e-01
-3.033439275381879519e-01
-9.859176090614283350e-01
-1.000000000000000000e+00
8.287990125970847721e-01
3.552126845986884884e-01
-8.224703819157910267e-01
-5.351144404837309132e-01
8.190111735614145072e-01
2.478538628901101326e-01
8.337392524308040453e-02
-6.852123798861355919e-01
-9.293737730466336000e-01
1.000000000000000000e+00
4.298131465576637833e-01
-2.489508431885893991e-01
2.437825680189562583e-01
-6.637681616498352088e-01
2.835998388405676085e-01
5.497121377614033744e-01
-7.824741507817720709e-01
8.886374865929038691e-01
3.701515435748692351e-01
-7.996116325229520871e-01
-1.942031942130642008e-01
7.973952991521626732e-01
5.706667441767401261e-01
-9.516061569233653650e-01
1.015131101377830802e-02
3.712411956542398528e-01
5.375941055121405410e-02
8.183586675392615639e-01
8.342402386968819084e-01
1.000000000000000000e+00
-4.617657631549367814e-01
-1.000000000000000000e+00
7.256572957729001683e-01
-1.658712863327800324e-01
-4.087653590523603331e-01
-4.594792625411190379e-01
1.861438313371688302e-01
-9.053978771484811894e-01
-5.082983953570274771e-02
-9.477193880926999547e-01
-1.973510633066892783e-01
-7.290017203430585457e-01
-1.000000000000000000e+00
1.000000000000000000e+00
-5.367553988362898654e-01
9.227753112283627601e-01
-2.347976591667311208e-01
-4.477984593653980827e-01
-9.031466572369182266e-01
-1.157477204028914963e-01
-2.955012406002879288e-01
4.292454133344334455e-01
-3.200858488169073812e-01
-8.495523633026493826e-01
-1.880500149508423924e-01
-2.236266012780618873e-02
-4.476375295301493473e-01
-3.591587875096473592e-01
-3.020177451242009314e-01
-7.742120860665728799e-01
-8.259281994953511230e-01
-9.156517420983487643e-01
1.000000000000000000e+00
-5.602641031374480662e-02
9.875178093369640919e-02
-1.000000000000000000e+00
1.000000000000000000e+00
-5.225860034304297130e-01
5.620484338291760196e-01
3.856839828453966224e-01
-8.346120404680488214e-01
-8.585868704412449315e-01
1.856213572893878894e-01
1.000000000000000000e+00
-6.412629380144652114e-01
6.912589825587029946e-01
4.830439380702369889e-01
1.287130777320660835e-01
-1.199984258467705622e-01
5.631360319476679255e-01
-6.552930462146467905e-01
6.162760102832969267e-01
5.239937749646905729e-01
1.000000000000000000e+00
-4.274869360293045428e-01
-6.846071666999226091e-02
-8.380772376975806903e-01
5.718267283049025540e-01
-3.277875831373979754e-01
1.844322485039051607e-02
3.668347272568510675e-01
-4.528905648652312710e-01
3.531137938039721202e-01
9.559786547826969461e-01
3.530454268036771204e-01
-1.421307388797046212e-01
7.792584420696191394e-01
9.003664673892313175e-01
1.888083429915728140e-01
-5.419758391823943366e-01
6.313772620277007253e-01
-6.529970456842177917e-01
2.675800353969006729e-01
-9.125164025258276634e-01
9.335658495373209131e-01
-1.574877656704838924e-01
9.327038594699008645e-01
8.280037351394455847e-01
-9.695019349426015065e-01
-4.281072879788070384e-01
7.567643120925943157e-01
-4.259467850052673921e-01
7.186791227493192213e-01
-9.752449401754113012e-01
4.412571200594130882e-01
8.560925083351020870e-01
6.606146652225259874e-01
-7.141527562664251594e-01
-7.820268915409478439e-02
3.307346116531162394e-03
7.567350785657915857e-01
3.686001053993139820e-01
-2.833001292985257713e-01
-7.230987349055046920e-01
6.777855255925069322e-02
3.076042138274467930e-01
7.538953036024844678e-01
8.878025952145160993e-01
-4.606749431879220147e-01
3.617683514548675205e-01
-1.000000000000000000e+00
1.000000000000000000e+00
4.117848098638612342e-01
1.000000000000000000e+00
-1.917912149626860296e-01
1.000000000000000000e+00
9.577815347514054833e-01
1.192389214582179058e-02
7.058577052135248664e-01
9.585605323110655274e-01
-9.408779560840445644e-01
-2.871973072946529815e-01
6.707857352735762113e-01
-1.465824968391198357e-01
-7.612978572404693889e-02
5.985271244445777850e-01
6.906019159366483251e-01
1.514323770509189426e-01
-1.000000000000000000e+00
-1.877105268572415442e-01
-7.139324309814202296e-01
2.885987536520957519e-01
1.000000000000000000e+00
4.513020187507406078e-01
8.636711246409922715e-01
1.000000000000000000e+00
-8.605213970211658125e-01
-4.753007009444227826e-01
-3.363052092998863873e-01
-3.793593630435647679e-01
8.660514194553996514e-01
1.870977335936152564e-01
-9.191511347261243081e-01
3.028899093488857108e-01
-6.152379757995745102e-01
8.980072325080461493e-01
1.000000000000000000e+00
8.278488531253567206e-01
3.056826557409868528e-01
8.286389564982477030e-01
6.670644296776249149e-01
9.815178489802451889e-01
-1.000000000000000000e+00
-9.882289246802402616e-01
-4.226760328654035614e-01
2.421076894772100641e-01
-1.919636677384561896e-01
3.466359559535732160e-01
-2.076011831346731284e-01
6.996062199160768547e-01
-3.626537638682887366e-01
2.997925175775442153e-01
-8.330630898688622388e-01
-9.895024647009018626e-01
-8.427807862589086207e-01
5.743447831471648612e-01
1.000000000000000000e+00
-7.697043573088253599e-01
