9.363655227624221311e-01
-1.300756911379636893e-01
8.600614441157206080e-01
1.000000000000000000e+00
-2.819583480670841968e-01
3.906954433493547985e-01
3.734724645055198522e-02
-1.531328868166144108e-01
2.878939863245735253e-01
-1.141574475840703151e-01
-5.209346025921968160e-01
5.687673252881619845e-02
-1.314514108380089308e-01
2.746249984495767738e-01
-5.453747800018577951e-01
-2.184909509362746860e-01
-8.385529243130382948e-01
-1.365362889747718800e-01
8.601147151617756226e-01
-7.064745112473140853e-01
9.665587405804632049e-02
-4.652585543933840384e-01
9.129696946197787266e-01
-5.400681027573208670e-01
3.726011820559504972e-01
-8.400581930888806337e-01
-7.438920488452851476e-01
-2.665591746430773235e-01
3.423861840391957401e-01
-4.966995284789745835e-01
-9.889086207568680287e-01
-2.748665528962646043e-02
5.736523740493870704e-02
-1.950694417733533914e-01
1.492589214068851255e-01
3.950206202555746060e-01
1.722656499975471212e-01
2.440637382378294529e-01
-4.982329665036853150e-01
1.000000000000000000e+00
-9.724903165236831182e-01
-6.183079180292643251e-01
4.558338626093403345e-01
4.491477010964446404e-01
8.936122950727461156e-02
-2.893357377164756383e-01
-9.676866943292261602e-02
9.749737824469373315e-01
-6.088560981085135992e-01
-4.433341861132888972e-02
3.983936144366704291e-01
-9.828752466073900074e-01
2.953859786366737072e-01
1.000000000000000000e+00
2.855108908023851200e-01
-4.016843276007362462e-01
-2.844919399773433444e-01
-1.592214288891440344e-01
6.351245969987908691e-01
5.386089377595253413e-01
7.465960247222740431e-01
1.000000000000000000e+00
-7.091952005351660482e-01
-6.647400749469398740e-01
1.784478654984342771e-01
-5.247289957415302020e-01
-2.486312097082212791e-01
8.777658069679612485e-01
-1.000000000000000000e+00
5.617999539486953076e-01
-2.452723464691175526e-01
1.125312092713424139e-01
3.224174702672570891e-01
-6.850281293712394692e-01
-3.786487989764741879e-01
8.004599551935180912e-01
7.347082911763618274e-01
-3.724732389119054243e-01
2.562366162572369266e-01
-2.380001908536359956e-01
5.746635435911340295e-02
5.033057833579122065e-01
-7.440509176124485702e-01
4.353447433776100883e-01
5.017760615172888183e-01
3.896979253127323961e-01
-5.070933598906952611e-01
-6.462134855299423997e-01
9.091330366188595802e-01
-4.988112255845640330e-01
6.831811028701841870e-01
-7.933027138706140180e-01
1.841549782191655993e-01
-7.070820949697311786e-01
6.170400355989587027e-01
4.581416032835793350e-01
1.353821932551459994e-01
8.921486456500511419e-01
7.234605255832393667e-01
-1.705054915941015548e-01
8.314770712735244373e-01
-2.025351546932490088e-01
6.728644403074650615e-01
9.957393635003177756e-01
2.016460019938259851e-01
-6.328133442524422891e-01
1.000000000000000000e+00
9.749890544945536419e-01
1.113090379277975606e-01
-4.597936790541938823e-01
6.718530600732415259e-01
4.275611388144739955e-02
2.880484056953594996e-01
1.856584733582232472e-01
-7.075370786294516989e-01
-5.864668503864631788e-01
5.209725226789279073e-01
-2.112732613869288123e-01
7.478232968423703664e-01
-9.731957449151316109e-01
9.685083218518291126e-01
2.338840515154823052e-01
-3.369426660176039201e-01
-3.491147144164223892e-01
-8.814550718513147753e-01
-9.093592796602112394e-02
1.839545982626997755e-01
7.132039672419514531e-01
-1.000000000000000000e+00
-4.050453392168673616e-01
2.544259049135542128e-01
-1.588717490391149401e-01
4.630254572582559458e-01
-1.031376497955505123e-02
4.205821972929320030e-01
1.000000000000000000e+00
-5.627070573347061622e-01
9.848075789371826261e-01
-4.213229374654647863e-02
-8.326824034234969751e-01
-9.025235911121836097e-01
6.983849783983679949e-01
-8.187461364249475348e-01
2.081829064408720065e-01
8.181905610169898369e-01
1.000000000000000000e+00
9.120042196635338438e-01
-9.904436639648183105e-01
-3.124264472409727933e-01
2.179078215866110391e-01
4.374284459631501143e-01
-2.252037130510065044e-01
6.666683151020098563e-01
4.343757732324962095e-01
-8.827290914863239468e-01
8.940302644528315135e-01
-2.552217584577394227e-01
-6.752814793001982174e-01
3.870907105139693716e-01
9.893303090822671564e-01
2.452985959500466606e-01
-3.726678221637671484e-01
2.117726712111132059e-01
-1.000000000000000000e+00
-1.403111744942822092e-01
7.927681817341130088e-01
-9.929234823949200095e-01
-7.507426005737334318e-01
-1.000000000000000000e+00
-5.873533656099987343e-01
9.653604035508918102e-01
-6.623598730587388905e-01
-8.591749859679054246e-01
2.870762069965888674e-01
-5.011956546455587080e-01
6.414532239638746081e-01
2.885488431563230094e-01
6.896093670251568497e-01
-4.355673184620362237e-01
-3.810751016633775468e-01
-7.244855045746712019e-01
-1.000000000000000000e+00
-5.091463732445389301e-01
5.291877118032248806e-01
5.152045777044145236e-01
9.064938032188851746e-01
-9.137767067833636458e-01
1.000000000000000000e+00
-1.143684151802149551e-01
1.439531925788939404e-02
6.520231260247797422e-01
-8.770297618945568363e-01
4.058083653198332197e-01
6.690964606260501046e-01
-1.000000000000000000e+00
9.437136281015392480e-01
3.543455881913160077e-01
-1.756678601097383385e-01
-4.124499392465816872e-01
-9.848622690408472824e-01
-7.157225566572771314e-01
7.598129003774016788e-01
-6.312353426842240989e-01
9.596181181378726777e-03
3.726021271876351904e-01
7.195918005570589582e-01
6.381818475608993513e-01
-7.503502559437882358e-01
-1.722871955089850804e-01
3.793897214897505865e-01
9.006792741300406746e-02
1.268712029835699084e-01
8.399925082250874198e-01
8.817240792825307150e-01
3.778647122367477795e-01
-5.442722976142551072e-01
-6.170944442641543848e-01
4.729808237539991911e-01
-2.836997574818342915e-01
1.680846840721674784e-01
1.000000000000000000e+00
5.801826572449957364e-01
1.000000000000000000e+00
-2.930215562469877799e-01
-7.000437061855313559e-02
8.909843941886206320e-01
-5.845311951211886736e-01
5.365156851946366601e-01
6.519303310862829548e-01
-1.901147184669071954e-02
-3.311105592930370101e-01
8.091103166162176841e-01
4.125503256026807897e-02
-2.707471629997448836e-02
-6.048282483572422485e-01
3.396619496010777617e-01
-3.825339256380306807e-01
1.000000000000000000e+00
1.302086529260164660e-01
-9.653990212721739184e-01
3.443367817590683444e-01
3.026657420120115738e-01
-5.615695995433886978e-01
3.565992909809249656e-01
-1.000000000000000000e+00
7.708853485999914157e-02
2.587839069492778865e-01
-4.037719295488413351e-01
5.509614748387841043e-01
2.929433279232427356e-01
-1.000000000000000000e+00
6.542849663335681409e-01
-3.800025567537532734e-01
1.323148615992519872e-02
-7.092885801392001532e-02
3.338513683917465613e-02
-9.583038578057696544e-01
8.609145653261940367e-01
-3.256346368317672990e-01
3.378557181926056252e-02
-5.869276523935795797e-01
-8.675513167207764553e-01
8.892098602784055394e-01
4.473503354575636415e-02
3.840587755488501509e-01
