-2.655135214109811681e-01
-2.701277686492140617e-01
-4.612088515001473432e-01
4.362469174847243281e-01
4.936843571289450949e-01
-9.480293663538130744e-02
9.600061848394745301e-01
-7.906126645410018750e-01
-8.294818469843348030e-01
-9.085101526279830697e-01
-6.040608493112451516e-01
3.291939695114642905e-01
-4.173312988327586570e-01
5.498702442936886925e-02
-1.000573285738597384e-01
1.000000000000000000e+00
9.382275572111868911e-01
8.363358034381536132e-01
-8.151239572349295859e-01
2.323229833894899787e-01
-9.196522177683085220e-01
4.728908717380804205e-01
7.735378492758933078e-01
-1.585550004517259914e-01
1.489842107716625730e-01
-6.293103996076407913e-01
4.856085695385803369e-01
6.474023292387365291e-01
5.494170237650382038e-01
7.859956375149752539e-01
7.203524221307351372e-01
1.534926701569923058e-01
-5.400066613033458474e-01
-7.545681968108015614e-01
7.256683518770069563e-01
1.498412341145709537e-01
4.855234706349083051e-01
2.076557290453142635e-01
-7.017136921487681089e-01
-3.424874655608007856e-01
2.653042240523399986e-01
1.000000000000000000e+00
-3.852110384765459195e-01
7.916756465875716131e-01
-4.897697388881050440e-01
-6.094965553729159158e-01
-1.104944740765507749e-01
7.612119191925306172e-01
-6.423929345449386208e-01
-5.054770893967797107e-01
3.078203112804331343e-01
-6.020144994807212768e-01
-4.307431237734133944e-01
-1.606441782643817096e-01
2.215593758368348265e-01
-4.778497674468504819e-01
-4.862997986894628255e-01
1.000000000000000000e+00
-8.245971180346001184e-01
2.568279100642725243e-01
-6.862025392961219605e-01
4.661155451990852683e-01
-6.774811291664271096e-01
9.383889303285120054e-01
-3.126769413136161191e-01
-1.638313667212720759e-02
-7.699776384734809964e-01
-3.716967212409536536e-01
-6.527802866703824591e-01
-9.821843762146575951e-01
-8.145592202534950310e-01
2.691096950285496447e-01
-7.249315855693956312e-01
-1.973147546633937655e-01
1.263990422076211040e-02
-9.051656035545621037e-01
7.174317289245963902e-01
1.000000000000000000e+00
4.875724110803589806e-01
-4.011563633710111265e-01
-9.761769175782131214e-02
-3.816616844503355477e-01
4.808137776350325243e-01
-5.359734640795923433e-01
-1.378445384843034471e-01
-1.724844074806288763e-01
-2.139664851052394123e-01
1.045743313075917502e-01
-3.985138552922933286e-01
4.495639735753393929e-01
-5.408777683837009409e-01
5.449669978810853799e-01
3.734981884571479949e-01
-8.652322236451965853e-01
-1.613955332998815440e-01
2.584610696316216316e-01
9.814023391642201499e-01
-1.666867124623534480e-01
-2.920399447444184116e-01
-5.499635245158618346e-03
-8.681895430128516722e-01
-8.138818161626422132e-01
6.472944759552448080e-01
6.944544061734705398e-01
9.537442361675478875e-01
3.486878782437565771e-01
8.964780277311645840e-02
-2.401257664924656421e-01
-9.213417258935077125e-01
-4.707377094087139557e-01
-8.580453560485523656e-01
8.734925813826983632e-01
-1.390045923044169740e-02
-2.549274033321702326e-01
8.401503049575380633e-01
8.903560581555769460e-02
9.083610744922498981e-02
4.995476226498762884e-01
-3.571808586442031253e-01
1.020535366346180250e-01
-3.468849009781540538e-01
-9.105497935103579188e-01
2.344935491413122630e-01
-2.372139269512598680e-01
7.882571259979713751e-01
-7.244557982579402644e-01
8.843835822198808927e-02
-2.862647964400388823e-02
-6.302125463313894560e-01
9.919506091014365090e-01
-1.115994546670822096e-01
8.861085021577186360e-02
-4.633936319071032539e-01
2.266149376717968567e-01
1.268758568893990635e-02
-5.974137131821632973e-01
-4.111846048177520974e-01
5.774229246713196151e-01
-1.935308292402584396e-01
-4.468700060686365827e-01
-2.488903826104245098e-01
7.005442946290838524e-01
6.167751244023016444e-01
-1.857035009064837983e-01
-6.508258445401682302e-02
3.081158660120109083e-01
6.733622011304859489e-01
4.222975718529233813e-01
3.273558593319463306e-01
-9.778280191675907673e-01
-8.751642512103778859e-01
-6.369074623884651842e-01
-1.000000000000000000e+00
-8.170325794159565280e-01
3.607708326630030271e-01
3.144871969355238495e-01
-4.553262607389607641e-01
7.852050031129342855e-01
4.430605820168660447e-01
1.252263128211195120e-01
1.805978862768928828e-01
-4.556580705084547489e-01
4.217916288379974787e-01
-2.428735244253037440e-01
-5.292265685649970575e-01
-5.140321852687255166e-01
-8.824996099846489361e-01
9.603132119905075648e-01
-1.734595274635730711e-01
-6.161710743943895618e-01
3.982386512472260165e-01
-3.464396311759190272e-01
-1.692460289137913687e-01
-6.903528402602951974e-01
9.170881658597047625e-01
3.077844488855754346e-01
6.108483524853880464e-01
-1.270799074813011575e-01
5.990819543497405419e-02
-1.601196424599609092e-01
7.247228243612013898e-05
-1.719500867668910526e-01
4.422383562058007644e-01
-1.903738550833533605e-01
-8.953324145915455556e-01
-5.174395055320374359e-01
2.899743960180312108e-02
-1.679032160677729202e-02
-5.803326076169519343e-01
-3.856444880230105454e-01
-9.386179146023128084e-01
-1.000000000000000000e+00
-9.913832972541951616e-01
-1.583385910799119944e-01
-5.883512613545276437e-01
8.354757215224150046e-01
-7.186830963432011554e-01
-9.511130995659937692e-01
3.116484266795769287e-01
6.095946123301878572e-01
-3.447576546778796658e-01
-9.941145357263923010e-01
-9.445157944879454259e-01
-4.062642531749858232e-01
-8.311341636929836518e-02
-8.194319668362886055e-01
-8.869315162804818353e-01
3.355558893478225446e-01
7.589283745838470985e-01
1.042769932812557254e-01
-3.608842478221387928e-01
-1.508215028785777623e-01
8.651836670562736975e-01
-1.855191372599831467e-01
-8.955395826756276101e-01
9.332435472149904765e-01
7.792406864450374115e-01
2.752758467159279743e-01
-2.687805256019206723e-01
3.720785721680051061e-01
1.561198563662569150e-02
3.892486201672389345e-01
7.124837187435164587e-01
5.261986184986167103e-02
-5.423163554898740024e-01
3.846841051003100365e-01
-2.896991659864722735e-01
3.627651509896714366e-01
-1.418352208729922737e-02
6.137784033234683356e-02
-1.579679326588101507e-01
-6.854173017197284778e-01
-3.217820752321940425e-01
2.023610222755523047e-01
7.987397156582358715e-01
6.430152772577042430e-01
7.521777128140971769e-01
-9.445838761530558347e-01
4.642805822818651951e-01
3.746873570521538355e-01
7.115094987953565209e-01
8.634688953244009646e-01
3.933751868088026793e-01
3.498751866135370037e-01
-7.320461620392211266e-01
-6.862675443084838012e-01
5.602629719185971968e-01
1.415815678929375210e-01
4.927327179491998166e-01
-2.621674894583470028e-02
-2.754009762115905424e-02
-4.399642134767456358e-01
5.144933675681933050e-01
3.531248282166321584e-01
-2.745131842016383938e-01
-5.759982117359266907e-01
6.904067139230518624e-01
9.262845908578309917e-01
2.878071797982795221e-01
8.815257283416202405e-01
7.953634068708606009e-01
3.284654532670552296e-01
4.724257866034919928e-03
9.782650136199100288e-01
6.829158891497861816e-01
