2.666946791205956346e-01
5.098390258052409862e-01
8.171771820874134118e-01
-7.024993537681791800e-01
2.106108470140261035e-02
-7.559926160653995808e-02
-7.226475993609602355e-01
-4.408330581562878159e-01
-1.871149849240395513e-01
-1.000000000000000000e+00
9.986996364193574394e-01
-2.052567638426324725e-01
1.710604228996381870e-01
9.420659961032207264e-01
-6.571724987158078513e-01
1.286402225711942293e-01
4.483793848645571956e-01
-6.924452885101044508e-01
-7.299454853844919988e-01
-1.000000000000000000e+00
9.693751792868430250e-01
-7.179038338946832631e-01
-9.168620893806100902e-02
8.444466301452238088e-01
-5.219090242696753368e-01
2.267254858598599654e-02
-2.812700704804930174e-01
-1.000000000000000000e+00
4.645394293082347748e-01
-8.090375415211523702e-01
3.752014473067142308e-01
-8.182652355603967642e-01
-8.975711765916529750e-01
8.129821184219814256e-01
-1.000000000000000000e+00
-1.000000000000000000e+00
-9.206895854419518965e-01
4.835989840122213446e-01
5.379302759970747694e-01
6.014019477623937515e-01
-3.859471860045142755e-01
-2.158465814541730143e-01
1.000000000000000000e+00
-6.417284935595481965e-01
1.235722365914346810e-01
-6.965189466275705232e-01
-2.533284819481435024e-01
-2.591597953549411582e-01
1.000000000000000000e+00
9.586728516603556516e-01
-2.001200819267194841e-01
-7.119920890687843062e-01
1.000000000000000000e+00
5.220785721951375358e-01
5.329592357391432778e-01
7.601555811960756248e-01
7.166330712850788043e-01
-2.322588183303491149e-01
8.695364895437522890e-01
1.571685647867812063e-01
-7.671589931207647428e-01
7.620847273255242360e-01
-9.787999809708862742e-01
-1.000000000000000000e+00
-1.000000000000000000e+00
1.000000000000000000e+00
8.871659843304495752e-01
4.783431954079369053e-01
-7.939672522985952163e-02
-1.000000000000000000e+00
8.695296228625666313e-01
-1.506752915899050027e-01
6.478295954241766186e-01
4.146077643255816625e-01
-8.724337594047295585e-01
4.130168401987426297e-01
2.286337029024630985e-01
-1.000000000000000000e+00
-8.296010422454060951e-01
-5.614932019175828959e-01
1.000000000000000000e+00
-1.000000000000000000e+00
2.227650015946600615e-01
2.770279557724939501e-01
1.779562031977675041e-01
-2.550932785133082081e-01
-1.000000000000000000e+00
-3.380247268538890681e-01
-1.154890968658695005e-01
1.000000000000000000e+00
1.000000000000000000e+00
8.520150788312319534e-01
-8.265899324043197716e-01
-4.800611344089267263e-01
2.134319499125998387e-01
8.676687618927594325e-01
-7.689266186784079471e-01
-3.599088630744148309e-01
7.946996268669455077e-01
2.035953050119949648e-01
1.430793035589067452e-02
5.971563785019984305e-01
1.000000000000000000e+00
-4.030796631807738173e-01
-6.232625932321247397e-01
-1.854064491672582360e-01
6.194837541411131188e-01
1.000000000000000000e+00
3.648684884809092477e-01
-4.726198617570251947e-01
5.446305953021928214e-01
-9.192882132488495728e-01
9.850521120618029869e-01
5.280134345337494928e-02
-9.580631613196850527e-01
-9.558210819520009949e-01
-6.164467498559573766e-01
-3.037570312914688042e-01
-5.740144105291451471e-01
-5.067829733273020443e-01
1.000000000000000000e+00
-2.292119363783178543e-01
7.729698706478940196e-01
-6.142519432319648587e-01
8.018596439328757874e-01
-7.409691598254197764e-01
3.756532241717007170e-01
1.056166847182065105e-01
-2.842902663659858664e-01
8.718331791911371198e-02
5.308250118230326553e-01
5.382769344488855801e-01
-1.001616366626585375e-01
-5.372301413226610034e-01
1.884837370456435846e-01
-9.156154472178608117e-01
-1.000000000000000000e+00
1.000000000000000000e+00
6.061623041620034513e-02
-6.032362853365018651e-01
3.294334557789297957e-01
-7.639561616194909810e-01
-4.789501021106575274e-01
-4.135038276886739972e-01
-8.585085730943036175e-01
-1.767191194837698376e-01
-2.577599628767249795e-01
6.169981210224393386e-01
1.000000000000000000e+00
9.280575923070313316e-01
-1.000000000000000000e+00
-4.349673177279551606e-01
-2.006172961283709810e-01
-3.496429733382553362e-01
9.014514014494454663e-01
5.460327903525981075e-01
1.434303936775117860e-01
-1.000000000000000000e+00
9.272920639118527042e-01
-8.207046690226253993e-01
-2.780419974261219007e-01
-4.590861153774399295e-01
1.109484647772513988e-01
8.488458337086248751e-01
-3.694161608304260547e-01
-1.000000000000000000e+00
4.588871675437624642e-01
-7.052083217775284574e-02
3.118619258910895198e-01
-8.500890357901405014e-01
3.565078949362943117e-02
4.548852183949609884e-01
2.997128213274324882e-01
-3.404950571227751688e-01
-1.338224271810948274e-01
9.209769063360109254e-01
7.697692954766242046e-01
-4.841943158195410879e-01
-1.527243366358048693e-01
-6.784671156271793180e-03
-4.598855465293403277e-01
9.676300003104107983e-01
-1.894487671378088101e-01
-3.412736457219667230e-01
-9.373569593264772237e-01
-6.109541970829954760e-01
5.970733676499458964e-01
2.628163694674893192e-01
6.073589907210346084e-01
-4.532105063736846517e-02
7.161623747520540206e-02
-3.854944910572515315e-01
9.685274112640371302e-02
7.030035338108107101e-01
8.973577078113058603e-01
-1.000000000000000000e+00
-4.658788842687260345e-01
-7.382889855891645592e-01
3.072195423020727123e-01
-1.309744364749809709e-01
3.444472328507250936e-01
6.219133976535509145e-01
9.925156507629593339e-01
4.802323239109806963e-01
5.529582874827325689e-01
7.357051807084546979e-01
3.865626506242820781e-01
-3.593341665111495775e-01
-1.000000000000000000e+00
-6.700236108377581878e-01
-4.263826302267150758e-01
1.000000000000000000e+00
-3.873216149400988684e-01
-4.031186788922431763e-01
8.254437642486864846e-01
3.092228593411685544e-01
-1.970774643544415117e-01
1.720830285783176983e-01
9.836988916222679791e-01
-4.578847828787622198e-01
-7.550124414537400241e-01
-1.979735375434044098e-01
-8.979190913903627447e-01
-4.403437472378801676e-01
-7.603694448898841163e-01
2.890493259727981989e-01
-9.756541043308813999e-01
-1.906538547583054299e-01
-1.000000000000000000e+00
3.692622813424621953e-01
-3.710300137807818199e-01
8.418913560018597142e-01
3.722989317529865616e-01
-1.000000000000000000e+00
-4.619253027681948787e-01
-8.819660466788468156e-01
5.618445447622278932e-01
-4.646941106425808155e-01
3.246167034137232843e-01
-3.116012464571387142e-01
4.893339841764410281e-01
-9.479608439502660300e-01
4.179394754066843021e-01
1.000000000000000000e+00
4.101182579937092676e-01
-1.000000000000000000e+00
6.023489361988032531e-01
-9.980775475853659318e-01
1.000000000000000000e+00
-6.062436615993388456e-02
-5.783581860340503145e-01
1.000000000000000000e+00
3.165207373782839007e-01
1.000000000000000000e+00
-2.945708740144412641e-01
-4.837940630074737403e-01
5.353183246573882670e-01
6.740071334561774652e-01
4.526779644281750947e-01
-1.000000000000000000e+00
4.960927808319459675e-01
-6.652760199492695481e-01
6.156509164805545886e-02
-3.922732916189073382e-01
5.761482984069767888e-01
