-4.126172054028762748e-01
2.525173519330818905e-01
9.575561126145879509e-01
1.000000000000000000e+00
9.692447757995141799e-01
9.694233845207322897e-01
9.783692930047203085e-01
-1.000000000000000000e+00
-4.370613044402655856e-01
-7.379896360952861167e-01
-4.138369374550110447e-01
1.000000000000000000e+00
-9.403224009979200826e-01
1.314759563320999636e-01
5.766253131316352309e-01
-9.454162240569561337e-01
-1.000000000000000000e+00
-5.401424417419382618e-01
-1.897566071838412416e-01
4.863177361534454235e-01
-6.078741010160673142e-01
3.877046135478079414e-01
-8.364006810391992897e-01
-1.793605972872760468e-01
-6.441444715610364913e-01
-4.667602652952629327e-03
-3.205391324227353511e-01
8.168862568319252837e-01
-6.415110887657968775e-01
6.598202947565590115e-02
-2.442657604860962728e-01
5.826550634208957913e-01
-7.867561658057919960e-01
-7.612688025948519677e-01
1.309223936182584147e-01
-1.000000000000000000e+00
5.557082804749267080e-01
3.369191713414373957e-01
9.850984749404780860e-01
-2.218891485909108008e-01
-5.248717237312061634e-01
3.971200511154824309e-01
-4.375542006633068581e-01
9.859489142945199180e-01
6.697598703099953976e-01
-3.319443318457191427e-01
3.415472304065561016e-01
4.032668359011304382e-02
6.329327810343854388e-01
-4.522229819023897424e-01
-3.641298203127307787e-02
5.218981255531074392e-01
7.507501411094135157e-01
-8.620034712119080123e-01
-1.000000000000000000e+00
1.627096616335044210e-02
1.000000000000000000e+00
-2.572892635306285314e-01
6.517665661065383809e-01
-9.263884956475119115e-01
4.410089761261590802e-01
-1.000000000000000000e+00
-9.046535733682770086e-02
-6.166282438609815841e-02
1.000000000000000000e+00
-2.937310209908761127e-01
9.643970117253504171e-01
-9.818999849613533337e-01
-1.711462200044042703e-01
1.011175321143515937e-01
-4.737250101751899756e-02
8.930732559120468927e-02
3.480415129641289962e-01
-7.865754406165046397e-01
-4.893135453839470017e-02
6.886827820313956572e-02
2.622428140696841936e-02
4.900003853501286866e-01
-7.657048929042360452e-01
-1.891992428840802987e-01
1.000000000000000000e+00
-5.868483194238864886e-01
-8.220309065287358941e-01
1.000000000000000000e+00
-1.150386545891850520e-01
-4.899021405046353195e-01
-2.654248948126096685e-01
-5.469319939598381586e-01
1.000000000000000000e+00
3.562240233907054687e-01
7.898642144749692395e-01
6.759544811575015633e-01
-2.836915755230640102e-02
-2.377673576425478608e-01
7.542112888459806541e-01
1.000000000000000000e+00
1.000000000000000000e+00
-6.941475536861414497e-01
-8.057987780495317054e-01
5.970726948533218170e-01
-4.038563231158072142e-01
-9.761636782311013949e-01
9.848478408123494399e-01
9.777658593850337976e-01
-5.338603749950106003e-01
9.810404700691830460e-01
1.000000000000000000e+00
4.202493439405736719e-01
-5.755896028984299750e-01
-1.844002705906527817e-02
8.230543290212957164e-01
3.248734947110281102e-01
2.004618206043797812e-01
5.051875686094042806e-02
-9.522108970176874632e-01
4.485885619569078830e-01
-4.017659769885972842e-01
-6.907099017869082758e-01
-1.051120424568954270e-01
6.122489326718261182e-02
-5.948602160793632354e-01
1.464720354385249390e-01
1.000000000000000000e+00
3.914952249114527216e-01
2.838314513075297363e-01
5.690692560364019048e-01
-5.463286688400417201e-01
4.599439465581809383e-01
3.570247295393157438e-01
-5.265605148552545689e-01
-1.000000000000000000e+00
-1.000000000000000000e+00
-1.000000000000000000e+00
-9.588273524078689825e-01
-4.335672008405948574e-01
8.595027395932297587e-02
-9.553281100228459000e-01
-2.813281604614250586e-01
1.000000000000000000e+00
-3.388568583726763173e-01
5.663964290776899446e-01
3.309398021585754357e-01
-7.059836284979013055e-01
-9.801585419221578999e-01
-4.244559832820016254e-02
-3.206703333918161647e-01
-1.000000000000000000e+00
-5.080909846365322391e-01
3.914328160104905141e-01
4.275531785220818559e-01
-1.000000000000000000e+00
5.503107242600191462e-02
1.000000000000000000e+00
-1.000000000000000000e+00
-1.000000000000000000e+00
2.237696148052537026e-02
1.656959627491091380e-01
1.471010009153113085e-01
4.526912464898990573e-01
-6.179850815778871187e-01
2.983624664533053306e-01
5.807508739978295420e-01
1.381759552174484096e-01
-3.900206973347994377e-02
-8.056467360668526645e-01
8.247836003703923335e-01
-9.125987204750221071e-01
-8.219004947546435513e-01
-1.016268608281047925e-01
-8.628335299002165559e-01
1.241302405510087414e-01
1.086621690335578538e-01
2.479159373207323602e-01
2.155900472813711000e-01
3.151284264875473529e-01
-1.079039990403163340e-01
6.279524707201695755e-01
1.000000000000000000e+00
5.316450309240504657e-01
-6.903228685457407643e-01
-7.623508200376574173e-01
-1.000000000000000000e+00
-7.306603435868708196e-01
-2.672223646903226779e-01
-1.000000000000000000e+00
-3.744942868102389411e-01
6.621170397900999482e-01
2.888972816830304713e-01
-3.801310205738703818e-01
8.373983756298439829e-01
-2.303441267578509866e-01
6.531044525460285577e-01
-5.790758748640747466e-01
-7.124715023228893607e-01
9.518113463534372265e-02
-9.850806450016844629e-01
8.666448928412262553e-02
-1.221684273458658598e-01
-2.591536277327327609e-01
9.794337597725535360e-01
-1.000000000000000000e+00
1.000000000000000000e+00
-8.058800663388759888e-01
-7.346086174828718729e-01
-1.000000000000000000e+00
-1.000000000000000000e+00
-5.755417362570052209e-01
9.873474916458429007e-01
1.000000000000000000e+00
6.075620532165511012e-01
-1.000000000000000000e+00
7.115394901749473311e-01
-3.230517922229405592e-01
9.837295576385562956e-01
-7.724812148687232316e-01
-3.195485657551788705e-01
-9.698694192776309286e-01
9.427824749536033444e-01
-4.882065325628528463e-01
-3.102523698962873500e-01
2.687155021241265374e-01
3.904808403214721224e-02
3.461403936564011463e-01
6.639184577444257052e-01
-6.082436874432566309e-01
-2.099187011947965531e-01
8.005591383743164702e-01
-2.695503854217284889e-01
-5.433427225027547269e-01
4.827560292482360738e-01
8.874002766386812624e-01
-8.848209521531988919e-01
-7.402692885601533934e-01
8.069027950967133656e-01
-9.911633495362448532e-01
7.533308177616588885e-01
-7.816459017750392313e-01
-5.332597524668443167e-01
-9.015440581491477312e-01
4.764058726066564553e-01
1.000000000000000000e+00
1.788731053099870127e-01
8.789665389081680047e-01
1.200029525493206961e-01
1.495136227894344749e-02
6.929943496683346194e-01
-8.044969883442498748e-02
-5.509035762447884732e-01
-5.145557667913969180e-01
2.018150491478922781e-01
1.158003175475221802e-01
1.000000000000000000e+00
1.000000000000000000e+00
8.689348985342433274e-01
2.527053030974379944e-01
-9.720857902843391685e-01
5.112109215496665193e-01
-1.840745845706666106e-01
5.197868245658383568e-01
2.983292341198902076e-01
-6.952358698748064558e-01
-2.065480003119981589e-01
5.320831652937336731e-01
1.000000000000000000e+00
-1.000000000000000000e+00
