1.517894861549667596e+01
-1.427660829538157650e+00
8.163786346809072114e-01
-2.159603516861652750e+00
2.390256250227229540e+00
-7.921509136660002781e+00
2.238857725772975016e+01
-6.513390632454831852e+00
6.215232341500289692e-01
-8.581186610900463307e+00
3.357632648371867479e+00
-5.438345860079487615e+00
4.591647289114568764e+00
3.913581936141605766e+00
7.497250792516077844e+00
6.328561126824117977e+00
-1.145540866533246849e+01
3.019875174993632783e+00
1.039156985884638118e+01
7.034788222952290226e+00
-1.034169035669598813e+01
7.580870691728374133e-01
-1.027765181293022501e+01
-3.484091243396203019e+00
9.233999099522435472e+00
-6.564790180332022551e+00
-3.020036744720807409e+00
1.619935677136866303e+01
-9.851417075683186475e-01
-6.166996272540913537e+00
-5.748047250653579354e+00
1.591696997081459131e+01
3.128126536983445227e+00
8.386325990886634330e+00
-1.327532706334776602e+00
-6.738745080399256793e+00
1.523611584722338819e+01
-6.407714364902894033e+00
9.382117468531060211e+00
1.240851156159338942e+00
-5.973439370931949988e+00
-2.724533767573390719e+00
-4.771607258041015598e+00
1.861150568283728379e+00
4.878691899816641531e+00
6.278478777110525932e+00
2.948557628640532613e+00
2.621068732312576977e+00
1.866538250814155475e+00
-4.683354005152808419e+00
-8.140980630896198278e+00
-8.261881938860071273e+00
-1.290575575113783202e+01
3.691020052055051792e+00
4.493064578798077413e+00
1.223609989624904770e+01
-4.998416581352692845e+00
8.491118022413193245e-01
-2.299806233950188350e+00
-6.844877896152370411e+00
-7.905089865849021180e+00
3.352489902350157980e+00
-5.176820123058286427e+00
4.853741992705071340e+00
1.481598884785266801e-01
1.360280342245224539e+01
8.212191176162216166e+00
-3.430987604707316674e+00
-6.253177305037352918e-01
6.166410969153445443e+00
4.780727891374350058e+00
2.556182680565331822e+00
1.127812501080495799e+00
8.886915884386059616e-02
5.897000664513060819e+00
1.643903106630717481e-02
-1.065213695683818740e+00
-1.062731596652889365e+01
-1.398036800755922116e+01
1.455894553316696260e+01
1.325388284614691159e+01
1.702421918226509234e+01
-7.468469770137659003e-01
1.005780854201751850e+01
2.200555879691556527e+00
-1.112871718207713689e+00
5.153546253853202863e+00
-6.735670684404540864e+00
-8.286825372669877510e+00
-9.187244440313617755e-01
-1.121558768785342153e+01
6.041309362500882685e+00
-1.507082363153195104e+01
1.812103487585136286e+00
-7.735604880626146596e+00
7.402768941835246252e+00
-6.517542235051177357e+00
-1.050036572005532776e+01
9.224027988686382074e+00
5.565266731163687197e+00
5.024647685439825651e+00
1.112477611664386146e+01
-9.764093157419075908e+00
-1.148139950901915896e+01
-8.659526459931990772e+00
1.221417338090237514e+01
-9.950042921514050676e-01
-9.826974525863384713e+00
-7.885249781318737661e+00
-8.173422158557162476e+00
-1.018341581861051459e+01
-7.358066102621890536e+00
2.347912629501903048e+00
7.358810683201387093e+00
-9.689896168905175244e+00
-1.113551904350011501e+00
-8.739212757339073434e+00
-5.971224199466735882e+00
4.078880447018986999e+00
8.538399058028634414e+00
-5.385437293670315206e+00
4.232038389364028319e+00
-1.239121047900125205e+01
1.368843106916235008e+00
-1.041618469015259763e+01
-1.514131598113944754e+01
3.085118970986076459e+00
-5.282770065898744427e+00
-9.267252702439682466e+00
9.137345352339908189e+00
-6.667349036564221620e+00
-6.208816857638747244e+00
-6.304673154412510527e+00
5.859534692807915945e+00
7.212886428310205211e+00
-9.420287106181415737e+00
-3.191662673097229508e+00
-6.153691907441617204e+00
3.131170477251076445e+00
-6.399151027565046945e+00
-2.107567414811728046e+00
-3.829587144424131839e+00
3.518837084153433992e+00
9.053302828300903826e+00
2.644707732556963453e+00
-9.343837538031671386e+00
1.570191181912513390e+00
7.045692062074722983e+00
1.023794358385817782e+00
7.064624521699376380e-01
1.244629898492835096e+01
-1.222694604049805900e+00
-4.206274836476514345e+00
6.196413447037110167e+00
1.609503164175278833e-01
-1.020611738604732999e+01
-5.096494606172974784e+00
1.506218799279062992e+01
-2.375619801469352144e+00
6.273187103827556399e+00
6.152832840025524774e+00
2.936296714197293767e+00
-3.068166157025083329e+00
1.311050285034627905e+01
1.348704144645181735e+00
-4.435111793016528914e+00
-3.535102307227419249e+00
-2.788236162741008606e+00
6.211470913233149815e+00
9.719514040237339003e+00
1.963916054320725246e+00
-2.721447137289481066e+00
-4.322848712932676918e+00
-5.725304596661063172e+00
-1.094411771948034584e+01
6.660295233715713970e+00
-5.266227348357849891e+00
-1.500383219964767090e+00
-9.391988796917553728e+00
-3.205996787797156244e-01
-3.865034109269327445e+00
1.715321321374533303e+00
-4.490940387111139742e+00
1.089257569084515609e+01
1.319398158954646760e+01
2.551246837425736658e+00
1.732155489998547893e+01
8.066053455089617907e-01
-2.276860225574822039e+00
-1.502936014073967819e+00
2.770314798155449232e+00
-8.454688322216625807e-01
1.526829881796172295e+00
7.295083422885744184e-01
-9.089966339115388649e+00
1.234040745660964156e+01
-2.901507339726103751e-01
-9.479885417189805707e+00
-1.153380663728907152e+01
-6.010829089513800128e+00
-1.273059831816098608e+01
5.381560871605968188e+00
2.362712128239871312e+00
-5.472564031739222123e-01
-5.178348979511679939e-01
-9.320259901447096595e-01
-1.357907203848308875e+00
-3.162644780989038562e+00
5.138775490765874032e+00
-6.796074380208417587e+00
-5.093959424271528036e+00
-8.080496652636771415e+00
-5.933373972995923396e+00
7.473469403128190081e+00
-9.859587775288568778e+00
-1.720993165174168338e+00
-3.956101491044552887e+00
1.097777160575591360e+01
8.273379614896558820e-01
-1.111332350402414448e+01
-1.803522828614223528e-02
-1.427758712196552260e+00
1.233761734021837952e+01
2.580322917732376098e+00
-1.982353299687113379e+00
-4.653477076128115897e+00
-3.313090350654564364e+00
4.235114983849790349e+00
1.294655037125843577e+01
2.654845727351389240e+00
6.512193769187950565e+00
-1.363636026478140018e+01
5.382270204110412237e+00
-3.576485942354293179e+00
7.864040922382601551e+00
-6.869576280181770578e+00
-1.493526436378391509e+01
-5.510873105463375055e+00
-2.995507018837540336e+00
-3.681235878813060580e-01
-1.176518904172653990e+01
7.792977911798935509e+00
6.928224129562344791e-01
1.425165725395132021e+01
6.717754463016624378e+00
-4.002385093834676333e+00
-4.451552653469358134e+00
1.448635155266859620e+01
4.087947588374399643e+00
2.045341222470260067e+00
-1.477252641292869262e+00
-1.576008527081535071e+01
-1.262643032307753543e+00
-1.024132021526772363e+01
1.367943867416840487e+00
1.570993905439663774e+00
-6.685607887060236010e+00
1.586521933691870245e+01
1.009165548287240810e-01
-6.928724956032925597e+00
-3.545596136719402658e+00
-3.649070333762273410e+00
-3.281709780933749876e+00
-9.109612051541665423e+00
3.860368601257861076e+00
