3.032130442316693042e+00
-4.851155914682926173e+00
4.260373459833992626e+00
3.239929985399121026e+00
-1.129085272904719606e+00
5.764496486332896019e+00
3.748254892937385563e+00
1.575785971664827922e+00
8.744038193381398205e-01
1.074573187230639881e+00
7.850091592212235625e+00
4.030727361190715285e+00
-1.479672016443635663e+00
2.327325323472542173e-01
-3.219371765417234244e+00
1.247549397572709662e+00
2.023409847062703548e+00
5.086488654818078103e+00
6.001173979149503346e+00
-2.238022177050448924e+00
3.757922438014014155e+00
7.267622615804278041e+00
-3.076103286197453990e+00
-7.015008370895300160e+00
-1.010796486499893287e+00
-6.812922345657939083e-01
2.724497966432058771e+00
1.926995327467272201e+00
9.636202970721125638e+00
9.032604118512649549e+00
4.155231941394289308e+00
-1.014278341548256002e+01
-1.045996534366942399e+00
-6.718564249305116753e-01
9.217913389494336585e-02
6.320614412844702379e+00
-1.108808319113857443e+01
-5.651583277926629734e+00
2.746400370512927402e+00
7.161509439105964603e+00
-1.515927538230321447e+00
3.913007735479300031e+00
-2.400620483368985703e+00
1.037895882097381595e-01
-3.016419282591318307e-01
9.470926946112561140e-01
-2.267394993193176056e+00
4.504729125161960113e+00
-3.343822375119136492e+00
9.629334060918887772e+00
-6.423908792450059302e+00
-9.463630094425823813e+00
-2.505583777014052327e+00
1.232573102464238346e-01
-6.328842176494216432e+00
-5.650446036480838430e+00
5.447107793279060139e-01
2.946691641529857630e+00
-9.125743243640762614e-01
1.128081284511240234e+01
1.232965856104326363e+01
6.071691391810835725e+00
1.105684205850544188e+01
-1.696456586782721487e+00
-8.044305881709792772e+00
-2.532579400939944048e+00
-4.672183968229756346e+00
-2.048020853687963161e+00
1.018527896927064091e+01
5.336072679183278211e+00
8.029849225400873536e+00
-1.556524648414790324e+00
3.183541144376595966e-01
3.107757825106506111e+00
2.516951838267323383e-01
5.244021063383163650e+00
-3.865260283518139328e+00
-5.584297635077033028e+00
-7.958379200811078746e-01
2.358785128339428105e+00
1.518174924827411010e+00
-2.429783532236825749e+00
4.045715022722085052e-01
-9.422832015618098467e+00
-4.093405777146690738e+00
1.988829549437916899e+00
3.991110117847619598e+00
1.140004951765408947e+00
7.079672723440232573e+00
6.427056671138243971e+00
3.596345525291617662e-01
-6.174976424345145709e+00
6.883680722007481378e-01
-5.266975301601382498e+00
8.726463386644100595e+00
-4.696957554674522584e+00
-1.276699020730572620e+00
5.631593787057921574e+00
-2.176358026189964434e+00
-1.153656613708694323e+00
-8.048886905721914786e-01
-4.934355895534310754e+00
2.672646049901000076e+00
2.216090943735816055e+00
2.417017373595951035e+00
5.851874259841944870e+00
1.734643557910533485e-01
6.553133427055886528e+00
3.697352801450103144e+00
-5.126956057243137188e-01
7.924284537816639329e-02
2.844327046052458563e+00
5.402601971161532290e+00
2.402693754211616906e+00
2.718617682553531534e+00
1.147120310498450380e+01
1.003618046604711900e+01
-2.013645744552462702e+00
4.607130489346891622e+00
-5.883406083317069823e-01
-8.368730759662357244e-01
-4.402773641725840292e+00
-3.038587021956106859e+00
-5.406749318427514162e+00
-1.942234838332599578e+00
1.005649691881037366e+00
7.461785096230519443e+00
-1.527602901267551161e+00
3.776743126038141884e+00
6.713736884095940383e+00
-6.197232996308821740e+00
4.264763295407594690e+00
3.891147945361446592e+00
4.931871769746100753e+00
-2.739238795429767670e+00
-7.887720627246070038e+00
3.431164895765258294e+00
9.495866502157486622e+00
1.505686557263738790e+00
6.353304660401786208e+00
-6.902705501478805239e+00
-1.763746962229913784e+00
-1.365173967812058464e+00
2.525632256453626656e+00
5.655644276925657632e-01
-9.091553681568333545e+00
-4.678939533392152406e+00
-1.283536968714099391e+00
-2.203176073112320665e-01
4.674068082432049742e+00
-1.447500656428907018e+00
1.345417319225329811e+00
1.761414348609804392e-01
-2.503081420179539052e+00
-2.413957603553943621e+00
-4.074297805113237025e+00
-1.922161780624442651e+00
-7.888809553808480146e+00
-9.327879853608290972e+00
1.415719185231015143e+00
-2.933069258509684030e+00
8.447708140820846978e+00
7.120771903220791899e+00
-6.286486753093030178e-01
-3.882781392246496210e+00
2.738050776192570535e+00
-3.928681692655576541e+00
-1.366119665145268502e+00
-6.552463815156878368e+00
5.225818365582044045e+00
-6.599192378340280385e+00
-1.287874737493757138e-01
1.182731921452086610e+00
-1.793950747719073924e+00
2.328770229636340616e+00
-5.411251439870849111e+00
4.277574294829289414e+00
2.285121387934816450e+00
2.710018610102053582e+00
-2.532484596580670821e-01
1.627069195486773312e+00
1.539515412113915960e-01
-6.464386095386885245e+00
5.289725191402435023e+00
8.206627386522730161e-01
3.386826071287487583e-01
7.197684709956501337e+00
3.320220832444034986e+00
3.363098978352780488e+00
-2.196063039323563615e-01
-9.047117608075810224e+00
9.814755057546697969e-02
6.887862308580082749e-01
-1.455045079182654799e+00
-6.076455684431372184e+00
-4.374360560660052855e+00
-4.660919761390291072e+00
1.075972864249215011e-01
-1.132491058799578454e+00
-6.820244088620915690e+00
-1.080403780260069668e+00
-7.599582744331336848e+00
-5.423967429711505694e+00
-1.182522680311198471e+01
-2.263105561078627925e+00
-8.038172690706375079e+00
2.400737777658611627e+00
6.102833446306360266e+00
-1.056018157928234835e+01
-6.401860022687326790e+00
-5.068512343907162432e+00
-9.978244922506224412e+00
-1.784302591688283979e+00
1.219542573005153407e+01
3.714080288153758680e+00
-8.301746660348690909e+00
-6.644370090414563279e+00
8.479237775459969484e+00
7.377793599748492248e+00
-2.122764329041828990e+00
-2.975309239464157152e+00
-8.911619929547345720e+00
8.032727546576527988e-01
-6.232027208330405799e+00
-6.481131298637867744e-01
5.376500387453564400e-02
-1.251887785205544468e+01
-2.769076489498677685e+00
1.357925595637077265e+01
-3.241046117086395562e+00
1.536745501656353596e+00
3.259860743126182570e+00
7.371092297985182284e-02
8.487517085273182715e+00
2.338782043967443158e+00
3.394158788487044109e+00
4.380760047714593597e+00
-5.443087772360453158e+00
-2.502482583670023519e+00
1.739906678783881944e+00
-2.893581133730351307e-01
7.974891877610171598e+00
-2.759675197213404818e+00
-5.881314618234947389e+00
-1.952432860431295047e+00
-2.446141922600808538e+00
-8.342765491531984878e-01
4.755668801417415992e+00
1.558182456749389821e+00
-7.459411930159465243e-02
2.272531643599215556e+00
-1.940537313002931974e+00
7.033378620174197238e+00
2.321973371001996078e+00
-2.324815245779828121e+00
-9.651721103955566150e-01
-8.104158874188898132e-01
6.365185839061842543e+00
8.533326307461216231e+00
8.142448223502132265e+00
6.896145193712219790e-01
-1.050026820949806883e+01
4.539124695289507572e-01
-4.549133204607706205e+00
7.660426516695290289e+00
