-1.844480965066763289e+00
3.973931082840948203e+00
-1.380651811765924553e+00
1.578057442182926096e+00
-4.830081196344055527e+00
1.249074517686245400e+01
-3.865306642989545516e+00
-1.282444846543324246e+00
1.241194299922118383e+00
6.507416266674386662e+00
-2.638635865958343096e+00
5.327608592020056655e-01
-6.619374849090866597e-01
-9.612017973450580399e+00
-4.760238439664483678e-01
-2.267646748088961051e+00
-7.662102903416936783e+00
-1.075731436622216819e+01
-1.267453886703885146e+01
-9.648949351761867632e+00
5.505394821517710646e-01
1.389359670321357854e+01
1.146353350091062984e+00
-3.856252739351696768e+00
-6.143603640240874242e+00
-9.672942786015966021e+00
5.735460499469040130e+00
-1.460647742384602044e+00
4.992727704357754703e+00
-3.821270876126030558e-01
2.813144138136141947e+00
4.317307970046421417e+00
3.244974755262122201e-01
-3.015211148285724452e+00
-2.445929131671463974e+00
1.669144820731620182e+00
8.830657294831256721e-02
1.566513280571042088e+01
-4.875721708427217749e+00
3.251117029195714991e+00
5.447457827271978914e+00
-1.123208640282682191e+00
-1.974199825662590335e+00
-3.351148990137353678e-02
1.064987113153419429e-01
-1.193595959453936572e+01
-8.047044919185025735e-01
-1.603134163861685124e+01
2.271220426926177094e+00
8.393330697159447240e+00
-9.392888290939596985e+00
-1.135918227357374732e+01
1.923732846313241041e+00
-1.408789586788936621e+00
-8.171024442027182033e+00
2.992173167938738665e+00
-5.753341420000281481e+00
-1.062359256233746763e+01
3.407674745864293975e+00
1.018391574947289158e+01
5.296224309124349716e+00
-1.259765987213179095e+01
3.217853255412676194e+00
4.601296632436050693e+00
3.297910625285102593e-01
5.108628428303102709e+00
6.205218018463805052e+00
-4.564688324632209415e+00
-6.305931865036916939e+00
2.415236622037722825e+00
-8.689310373575228397e+00
-2.443677004449660295e+00
-9.405181860984572761e-01
6.135964811717043332e+00
2.989053069540015706e+00
2.500946616500161923e+00
8.532320539704347340e+00
-9.272262210418636741e+00
-5.542397241470263580e+00
1.874124398354940046e+00
6.491887159091366932e+00
-9.069676592906599666e+00
8.047037772483529139e+00
2.611140130764189049e-01
3.243674468321130711e+00
-6.299972059469999053e+00
-8.992417416210127357e+00
-7.589444334041873574e+00
-1.314496404813609409e+00
-1.528991920150209571e+00
9.190670614883165168e-01
-1.336129235354030165e+01
2.152870105559488323e+00
-1.185830002415945383e+00
-5.310253042731661210e+00
1.129940657144242877e+01
5.327090908676911596e+00
-7.982608668278640351e+00
-8.844569711540652968e-01
-7.117846294745275415e+00
-2.239668109371887095e+00
-1.509577527741399638e+00
8.459454167022888160e-02
-2.901836407854982980e-01
-3.115628385085354335e+00
-2.460357664246477949e+00
1.046330277400266962e+00
2.322549721254490773e+00
5.605771200140896582e-02
-4.135329968384115595e+00
2.577650631092224032e+00
-9.264384467731757056e+00
-1.353614857299930030e+00
4.048261263362165074e+00
3.063461007074360420e+00
-1.251114561499628053e+01
1.477753897894045210e+00
1.584018647766148868e+00
7.435281281101038253e+00
-6.338045801129474910e+00
5.745143168404723610e+00
-2.379878330500790451e+00
2.552315699515685932e-01
7.491685562943990462e-01
4.417953444677886310e+00
2.629438815843295085e+00
-2.427192063564640456e+00
1.178006340456036760e+01
1.252641325918738602e+01
1.669240298995887883e+00
7.900899702367450317e+00
-4.242761915594734035e+00
1.187573349785762566e+00
3.130938384691697607e+00
9.743717043801156663e+00
-9.248476160601004636e+00
7.243053357698270300e-01
-3.441057061285909047e+00
-3.833945046264913614e+00
-2.992900931951811394e+00
-1.032197507082332599e+00
-5.367320467055569644e+00
-3.294688358740134326e-01
2.747833034501729887e+00
-5.348564693890203614e+00
-5.564458124647826409e+00
-8.354863128969570951e+00
-9.006916102232500165e+00
-5.475748681299796417e+00
9.256673897347004853e+00
-6.239353933329937263e+00
-1.603484088577918953e+01
-5.580419756555388133e-01
6.463646018300947205e+00
7.616462861997845835e+00
-1.807562634758911990e+00
2.522639676878587256e+00
6.999392504516520397e+00
-5.078998593456977018e-01
-8.348752455941998107e+00
-7.806768057101292513e+00
1.398193558867202979e+00
-5.962007190271098267e+00
2.201365599254645034e+00
-2.994764708619688243e+00
2.879835008234793214e+00
-2.399776197995349136e+00
-9.369022156246176181e+00
1.027443560017073132e+01
9.052326984425953071e+00
-4.377525490072728509e+00
6.156451849846576785e+00
-3.872330588571306187e+00
4.847372942883216851e+00
2.631760057587099411e+00
3.620128215607731903e+00
-1.009088249831850348e+01
-1.351656614749673935e+01
-1.211066727423222389e+01
-6.143300616322137309e+00
-1.047699732992175647e+01
-2.838378134027929711e+00
5.968542177859941233e+00
1.666854631478607018e+00
-7.229534964985455225e+00
5.445658126217087336e+00
-4.803012797622081109e+00
-4.390108403512899216e+00
1.304543848698951081e+01
6.153603840428591987e-01
4.528204035314503884e+00
4.368995073933726658e+00
2.116117730102200944e+00
-5.931397422956296239e+00
1.595881378261025851e+01
5.836100061644604153e+00
-1.548744693360303870e+01
-5.337205389686989321e+00
-9.628420079233638518e+00
8.812611183510654200e+00
-2.098233288106614136e+00
-4.749032913383834043e+00
3.051875821772815467e+00
5.119441339672975211e+00
-8.363126694927567328e+00
-4.455200589975829573e+00
1.250243557583648801e+00
2.879927073003012428e-01
6.764744253930965456e-02
-1.269632285218372125e+00
3.914322321990602926e+00
8.029470809939441622e+00
5.994166364767264277e+00
6.936407209209740188e+00
4.455078788939225376e+00
-3.935181918884830488e+00
-2.987675977597083588e+00
-3.046196056104649719e-01
2.782235968024714179e+00
-6.943047169737309510e+00
5.028018940574248141e-01
-5.834687063311536193e+00
4.188962805197613548e-01
-2.841246167527183175e+00
-1.958660270935435044e-01
-8.283221759351709679e+00
-9.890373242698000666e+00
1.759439155608386596e-01
-1.035667215201271585e+00
1.789550010119750922e+01
-7.028462427562001125e-01
-5.194848251509752046e+00
2.292836132682889438e+00
3.259315380890539515e+00
8.773007968233033083e+00
6.857351365655115494e-01
-1.247079699285340570e+00
4.505507420241347205e+00
-1.168168025219590511e+00
1.537164120646030696e+00
-1.304189718997170289e+00
-3.518601113259699709e+00
-8.883698895714656985e+00
8.205712536525945566e+00
6.816773186960446651e+00
4.404364991051682443e-01
1.080989432901474068e+01
-2.057901430134201348e+00
5.074882729177614848e+00
9.824938129841182644e+00
1.667080382363871349e+00
-5.837885668431492370e+00
3.492335449858008367e+00
-2.565919456598847681e+00
6.479683167513919706e+00
7.053271615040762832e+00
-5.298846635084751178e+00
5.653695018048892962e+00
6.079153078253273002e+00
8.354549661089022194e+00
-7.919411591122754501e+00
3.506552046445728266e+00
3.977419148258964032e+00
-3.291207368208976192e+00
-8.194682172942602261e-01
