1.646102899958823418e+00
-8.825668668023931573e-01
-3.655274553264411530e+00
-8.410909676616325825e+00
2.661605504485573093e+00
2.764540133314266956e+00
-6.416388339639933491e+00
-3.613749421654088412e+00
9.638697377821015877e+00
2.822224875740232619e+00
5.020275355141880169e+00
-1.727415897275598855e+00
7.407033604176671560e+00
7.512521659997629442e+00
-2.975021097095878808e+00
-1.901846500038919974e+00
-1.440084938250425717e+00
8.762053152154067881e-01
1.431124607455190656e+00
5.366944566191021337e+00
5.439760006199670705e+00
3.089606256989311905e+00
-2.089998101513901752e+00
-1.069165682295718733e+00
-1.464002127813870402e+00
2.158340713063945593e+00
-8.282395803912858678e-01
1.033588048276146143e+00
-7.541460515767706596e+00
-3.920792437697509847e+00
9.920548313849478106e+00
-4.788322860536834646e+00
-1.926666751108616182e+00
6.103644580082807636e+00
-2.064398521972727885e+00
-5.727386175829872528e+00
-1.930173984506612150e+00
-1.442844116048516812e+00
5.832579351386671718e+00
-1.316228796937161505e+01
-1.501676564454962559e+00
-1.829809605362684888e+00
1.100320699679257253e+01
2.624703780478963910e+00
2.157842271309474924e+00
2.980001001349856793e+00
2.713786721917754718e+00
3.093194001314242492e+00
8.662652283761758554e+00
-2.578112186913303461e+00
2.656101644399821993e+00
1.998953268763677293e+00
2.829329897355412626e+00
-2.738908088895769311e+00
5.326863595265338702e+00
5.858324977077013607e+00
7.153928086660389596e+00
-2.452955405859623017e+00
2.836968508649075016e+00
2.889782904475399761e-01
6.904967209167911513e+00
-8.332229989444788210e-01
6.163865858393680952e+00
4.533511197397091408e+00
-1.935969196279265336e+00
-5.996758401470687616e+00
-4.714028337753233266e-01
3.361811252136864603e+00
6.661613850497040801e+00
-3.639560832456841588e+00
-9.892433706788104075e-01
-6.055314773969819875e-01
2.831922091828027899e+00
-7.188919074110941665e+00
9.357181539665124781e-01
4.984941797853991829e+00
1.645523902109957026e+00
8.223676118108141253e+00
-4.951331175268036233e+00
1.320667514119813202e+00
-1.173870358436936456e+01
5.523705048624624858e+00
6.768878298986625630e+00
9.964161402206343610e+00
-2.708934383815631008e-02
4.018582992590977732e+00
6.625364032451926954e-01
-2.859161210057093339e+00
4.068910155792944572e+00
1.376920172928581820e+00
-6.970810187365542809e+00
-6.325029549276633745e+00
3.866145342667196005e-02
1.261443094464976866e+01
-2.360143139950318769e+00
-4.600634911977087071e+00
-1.908757263575133756e-02
1.884996399566011061e+00
-1.371149760835753240e+00
9.701306166566702416e+00
2.454835295962114472e-01
8.588548990816999407e+00
1.833753659221499355e+00
-8.154615253072977410e+00
-6.223614366773519535e+00
4.034877931919327310e+00
-1.887911777016538117e+00
7.474421583786696743e-01
4.926728997155318979e+00
-5.044263734402424149e+00
6.647350172413313274e+00
3.596101806254118571e+00
-4.021041370396432058e+00
3.028483401236219841e+00
-2.225364470862662980e+00
6.046803807354386606e+00
-3.052040643880661541e+00
-8.534928735923399401e-01
7.268105361115456020e+00
-1.274138910584876605e-01
8.176068141448743276e+00
3.066514393708511754e+00
4.939758793704015716e+00
2.039027301399798375e+00
-6.613043385953387698e-01
-2.537282940527844755e+00
-2.565937861081682758e+00
-3.162681647535042995e+00
-6.747303433266816697e+00
3.653848981542173746e-02
4.814646413582130968e+00
3.700345741897442586e+00
8.953229009344476630e-01
-5.505277148341026106e+00
-1.172846303979455218e+00
-1.834773844614603799e+00
1.386678510818241605e+01
-8.927846709557837102e+00
5.016469607022854049e+00
4.580099023534420333e+00
-5.375631945938155631e+00
1.381382233181847274e+00
8.588058826082171748e+00
5.835109976003580723e-01
5.268886087674575336e+00
4.581732091674041385e+00
2.779972269001803831e+00
-2.608347554791701661e+00
-5.274151348652225124e+00
-2.270714279882463771e+00
3.269695994407094908e+00
1.890007014062055068e+00
5.681641212664250151e-01
-1.889958747382609161e+00
5.869180645045185329e+00
8.391284111994369965e+00
2.517852251907337635e+00
1.816150209953761863e+00
-1.702337671489335458e+00
3.217718099394540232e+00
-1.743239807243089912e+00
-1.341517287204447184e+00
9.665645373044288391e+00
-9.758436897336458804e-02
2.024174322705625251e+00
7.792735836815396944e+00
6.850996375849728537e+00
-2.338530539026542066e-01
-2.683181772983508573e+00
1.627901325120010156e+01
8.410326571800524675e+00
-4.007824214003067098e+00
3.329888092370475228e+00
-4.024694205307365102e+00
-1.846619059545224761e+00
4.161598816201003359e+00
6.868854160999865677e+00
2.190065675059840622e+00
-9.784717550215878745e+00
6.706320001807714704e+00
-4.494272367249989575e-01
7.600197532332900074e+00
1.028596962130915848e+01
-7.263448121288159420e+00
-4.793864572438084615e-01
2.578457984188709418e+00
7.378820843502347238e-01
-4.130945547453308109e+00
-1.658860027206318088e+00
1.045254753120833380e-01
-3.301864216873858560e+00
8.191098397310366153e+00
5.339652415767863758e+00
2.559024520634642030e+00
-3.090338196240220991e+00
3.371459018502752425e+00
2.309028703307136610e-02
2.815356567811321931e+00
1.287363153061360066e+00
3.328863421154509172e+00
-3.421797549313148945e+00
4.232861486292481601e+00
-5.944359886961208872e+00
-1.026038874210526863e+00
3.739006303591612124e+00
5.605301715872046842e+00
1.034397020745643481e+01
7.935453224662502691e+00
3.187357271269859904e+00
-8.594587419367693215e+00
-1.093240555902932343e-01
-1.437047643022716059e+01
8.954503797921448793e+00
5.271112010278786286e+00
-9.692391100389663450e+00
-1.348423432623042473e+01
8.750291576135044380e+00
8.748442456843527282e+00
-3.160448218494558592e+00
7.782096947956765653e+00
9.985913591602342265e-01
-5.261424082617952358e+00
-4.891733509776744704e+00
7.234436054078878797e+00
7.302238555804843934e+00
-3.365985835616528199e+00
9.591332306036097322e+00
4.038588500068429177e+00
1.177878999978832297e+01
3.429807349441823749e+00
-3.690118812966420858e+00
-5.250675978741396577e+00
4.123298276292228337e+00
-2.330234207106836486e+00
-1.946303265056220422e+00
-4.457693668290640510e+00
-1.482389138845325638e+00
1.047479051762256930e+01
5.466333206676654122e+00
-7.221794376293106055e+00
9.468313626327388377e+00
-4.795608016442068688e+00
4.730972549580155118e+00
9.097672059534978928e+00
5.654837695802667596e+00
-5.079258296170602094e+00
-2.376035216420331331e+00
6.062150340698156725e+00
9.150930674209913462e+00
1.404658031075388891e+00
9.275533364260809321e+00
5.863918439198412713e+00
3.870334608145101107e+00
-2.355143782182159473e+00
1.871581616789393721e+00
-2.798296093289715181e+00
-6.483834263145662469e+00
8.570293201514087578e-01
1.199827437923391305e+00
-7.398156928684487710e+00
-9.730379304971169319e+00
2.460044355765540036e+00
5.165077632091118254e+00
8.004619804534314653e+00
-8.161730939018525532e-01
