-9.961458290018837758e+00
1.756132868127330937e+01
-9.107404946778688171e+00
-9.999709851493165047e+00
7.534659402431323372e+00
-1.417071896078118876e+01
4.038559418031665516e+00
-7.326192878438728684e+00
1.099029256026549994e+01
-6.683597940759419487e+00
9.595299013441012548e+00
-1.263247774047278504e+00
1.070331406201295366e+01
-5.052289198681124915e+00
-1.594308939765849509e+01
-4.549853860415678852e+00
2.901738485375865650e+00
3.070639460020091249e+00
8.946227610402635477e+00
-1.218351498133501210e+01
1.454882489071987983e+01
1.035630432265372924e+01
3.571526978853130530e+00
7.164731294456847088e+00
-1.092783413282906757e+01
1.618008456585274146e+01
-8.973186597591645608e+00
1.247873266923541280e+01
7.142626596118072158e+00
-1.554298709654385657e+00
2.261368796885657950e+00
-9.775257203898338076e+00
-1.298583360772505912e+00
-8.372944603007744790e-01
6.924111320251725488e+00
-6.782094437066678694e+00
-9.995778004456541410e+00
6.590626701165643198e+00
-4.616449413090537135e+00
2.449779474767618925e+00
6.227160036279645539e+00
-2.122874901787153989e-01
2.106203904503640700e+01
-1.143549924149618136e+01
1.526275779674107103e+00
5.517395368303428249e+00
-6.495978255475829855e+00
1.329492736514383289e+01
7.538314343212423552e+00
-3.361205384229458915e+00
3.098131304940935138e+00
9.632671175394110108e+00
-7.915480511342304126e+00
-5.999147164838843693e+00
9.931345635181454412e+00
-6.241171247341672945e+00
3.080786048692806034e+00
-9.803033998646446534e-01
7.431842713527413657e+00
1.415017498357202008e+01
1.908049417055093500e+01
1.002101105739384579e+01
4.971480241334708339e+00
2.495705829947225673e-02
1.228030479930571417e+01
-4.283031704725254407e+00
-5.787409980263560350e-01
-5.122430078280578947e+00
1.024370660752135453e+00
-5.233656637081676166e-01
-5.876356444972127946e+00
-3.356926701172576522e+00
1.424079954494111888e+01
8.250868133810236316e+00
5.735376686047720440e+00
1.127618184416332703e+01
-4.653713481116446005e+00
4.101063081128712540e+00
2.516124878387018704e+00
1.337169515285270904e+01
-5.465040264724976282e+00
8.332099203930551923e+00
8.182990526955540744e+00
-8.555926680328004963e+00
-5.670283164399795517e+00
6.077633833329628033e+00
-3.005221203343007907e+00
1.729708620466363644e+00
3.779722710137878305e+00
4.441280276898182500e+00
-7.309887675856441724e+00
-4.265837136999586221e+00
-5.441960627369253345e+00
3.303404153405111732e+00
6.356136552129501460e+00
-1.076311373383992986e+01
3.209039265825301523e+00
7.868939787704145594e+00
-3.329297667582206799e+00
6.854119536590076223e+00
-1.151478809332776265e+01
7.089565986675656184e+00
1.598246764174146239e+00
2.360789341682036468e+00
6.858958715480891755e+00
1.897899324628391504e+00
1.245285842012222588e+00
8.953960489698829406e+00
-6.619882875191608562e+00
2.652797003322118208e+00
-4.046562370610761405e+00
-2.374248070140822620e+00
-1.460629276553254385e+01
1.359232176254393565e+01
-5.693515298284205883e+00
-1.850231762486092446e+00
-6.170891295707368940e+00
-4.491345968979951309e+00
2.852205817470279126e+00
-1.033826130569734048e+01
3.019819596053697541e+00
-1.094736529202913644e+00
4.034888288513441168e+00
-1.903494191916045253e+01
7.487674880084991713e+00
3.026373796398397875e+00
-3.695389612611228891e+00
-3.234227276609572321e+00
5.197220330265133192e+00
-9.077855154975324581e+00
1.455861345927011641e+01
-5.976641607134064671e+00
7.556733884589194261e+00
-2.661361444287881017e+00
-3.461006806701439231e+00
-7.407555577417278769e+00
4.795017889457117377e+00
1.337583526200026895e+01
-8.783284908030724480e+00
-7.528970041512564215e+00
-1.256300690613957727e+01
-1.561980916932187569e+01
3.196167061775463392e+00
4.153262097585606938e+00
3.270608933731460333e+00
5.227707426534653479e+00
6.293864367908214241e+00
-3.040814603833577934e+00
8.819736778985989289e-01
9.508554901470912313e+00
-1.001707258666974809e+01
1.712989327258855710e+01
2.009868449079783570e+00
3.233292533807060387e+00
-6.399254910736901891e+00
2.145342708358271011e+00
-4.074409041313370672e+00
-3.088786860898740994e+00
5.469324158430923788e+00
-4.838561909520318949e+00
-4.123482014362140902e+00
2.974488969161444452e+00
-2.436949030883892142e+00
-5.965858240287032821e+00
-2.051583019064576519e+00
-5.748542988609765203e+00
1.523159328462328155e+00
-6.441246561452860231e-01
9.657859713364256748e+00
1.794497527463038145e+00
6.987392036251645067e+00
7.849965050904023300e+00
1.592851737661235223e+00
-6.081528428105614559e+00
8.277053360144769556e+00
-6.146979549060998416e+00
-3.097571103087271460e+00
3.643513671586806169e+00
1.444935032565095945e+01
1.006736651907242042e+01
-2.934802168461248417e+00
1.521118736945935801e+01
2.649991958608226561e+00
-3.808277941023358260e+00
2.490332984562608765e+00
-4.256251084715684030e+00
2.861113342424411954e+00
-9.240318520810293368e-01
-9.350484296727994860e+00
2.393202701262702625e+00
4.391360439373789504e+00
-8.553826794846855819e+00
-2.084910818162225787e+00
-5.762768904834963735e+00
2.614106675952596159e+00
-2.399325051589807245e+00
-8.449813921335207922e+00
9.341786094150638320e+00
-1.393039826742229703e+00
4.654023605368257321e+00
-8.259363364622549497e+00
-1.630310861399470213e+01
4.856305885033474823e+00
-1.044580180434585337e+01
-9.257357871158676588e+00
-6.292478652429135622e+00
-1.903579902346939967e+00
8.535072922000058071e+00
-5.266888499484704056e+00
-3.384828156247373432e+00
-3.407911596116028896e+00
-2.233551554665390793e+00
5.496370474194534950e+00
9.146426530970060753e+00
-1.061838456625567062e+01
-1.217857558384935146e+01
7.097423795783862843e+00
3.438283267683545752e+00
-5.016159139198664185e+00
-7.303461343551228779e+00
-1.116480704838911464e+01
-1.712050823202284278e+01
1.060503246889660289e+01
5.243453529356381093e-01
6.138431551742207226e+00
-8.448928922379158379e+00
-7.580466296336370924e+00
7.353445827368338961e-01
1.835640390423575141e+01
3.253057282299377739e+00
1.869188930784455138e+00
-1.187514921311149863e+01
-1.402716316432173294e+01
-1.031023344606081338e+01
-7.661923582000793154e+00
6.211011089879128200e-01
1.748275900207358680e+00
1.012303730425990800e+01
1.907651562571698634e+01
2.053904076508088927e+00
-5.569701412438075039e-01
1.109211813358993837e+01
9.992105839543739876e+00
1.711269510830413232e-01
-4.103097666855979320e+00
5.945046098406749024e+00
-2.584657965001261992e+00
2.884371751401695327e-01
-1.311206828523513224e+01
-1.189626526474033419e+01
1.490384794665362556e+00
-4.196535255402903175e+00
3.247490090088841264e+00
1.311496518490156404e+01
-2.721427132163381835e+00
4.922307761933105041e+00
7.503268919223193834e-01
-4.314006314236741524e+00
-6.299225073488917692e-01
4.764680680911941302e+00
-1.177516226166162738e+01
-7.822910263090196992e-01
-9.393917295671052159e+00
3.073851806349048310e+00
-5.583959743780375629e-01
