-1.341290841645427179e+01
-3.752535975490113529e+00
-1.623806008451937899e+01
3.608656197418570244e+00
9.920607322900277580e+00
2.276433823633983167e-02
-3.620769566839706854e+00
5.367878011531871607e+00
4.917625960609339764e-02
-6.830104672911453179e+00
-5.939272560020288694e+00
2.246891539747839062e+00
-6.268413034243796034e-01
-9.940223175846915282e+00
-8.332631958831607122e+00
1.118756452772688270e+01
6.915701800783243591e+00
1.052537299179039820e+01
-1.086313004483259181e+00
1.022155009947411841e+01
2.451225780861333803e+00
2.269172266967960638e+01
1.619987867644635537e+00
8.072325758448419819e+00
-9.111175388028401878e-01
6.651841837809228331e+00
8.102092265483737066e+00
8.930825089691918350e+00
1.416096873629077990e-01
2.906710066822743244e+00
-3.321236540133889470e-01
-6.156109075466515534e+00
1.484658507677653949e+00
-6.675594638987057294e+00
1.588913205021297514e+01
1.290158685397364025e+01
8.357365212050506642e+00
1.763110358587826809e+01
3.049250977203895818e+00
-1.231510828527247448e+01
-2.320648963159868572e+00
-3.748348911768686342e+00
-2.677771819913570273e-01
4.127563773472598285e+00
-5.981821834411571892e+00
4.082711639874661458e+00
9.376444568016324865e+00
1.133044829159344502e+01
6.890763870934973667e+00
-1.548086286973707537e+00
-3.691373580972675761e+00
-8.685034009882816042e-01
1.028830781613001122e+01
-2.947471266543792545e+00
-1.491906083227760860e-01
-1.162424992987387462e+01
-2.617201149408516780e+00
-1.553488470561703361e+00
-3.590624419779331333e-02
1.004027724059316640e+01
-6.227089188633460282e+00
-6.412188575547986602e+00
-6.774693274983927260e-01
-2.765819348626040508e+00
2.040244163368645669e+00
-2.332302055137719599e+00
2.675224814684785013e+00
-2.660302510357589245e+00
8.877941166087047975e+00
-1.042637723276502548e+01
1.821620855714293796e+01
-1.112788565294161458e+01
1.523494458619882863e+01
5.961854548773309226e+00
-3.107577937643763111e+00
-2.352345097655642814e+00
-6.270514060630781650e+00
4.773643483664702813e+00
-3.803530728350517087e-01
-9.914155832772170385e+00
-8.781407976600721810e+00
4.009490121497766957e+00
-9.566538988296355850e-01
1.111708092887677068e+01
3.267756823064317473e+00
1.482926772440788188e+00
1.179313389338852769e+00
-7.470891506020741701e+00
4.864501261497069073e+00
1.279863398104360428e+01
-9.730851011206127055e+00
-7.078245796873378737e+00
-4.736921027574711118e+00
-8.767097609027137750e+00
7.046464298790517056e+00
1.258961889169603943e+01
-4.119396532606875105e+00
-3.721368973070626751e-01
-2.977917870774454023e+00
2.991290036764080007e+00
1.297943883854006941e-01
-1.347635223155317519e+01
5.662141419361064187e+00
3.870993456269838262e+00
7.504467315874156164e+00
3.959249953548801937e+00
3.665428584078846086e+00
-5.222185230890673324e+00
-8.325389612185400523e+00
8.722389442702242590e+00
2.112280954631298613e+00
-4.736278346123892646e+00
5.222929499123685204e+00
-1.192393306264486696e+00
3.702416898984192350e+00
-4.226212259788768577e-01
7.332076961973832852e+00
1.326656178358894245e+01
-1.997301827247021988e+00
-1.441611521549261887e+01
-1.975074610668641206e-01
3.432473871736183568e+00
1.207740846400450252e+01
1.712859061772825342e+01
1.315578370316773693e+01
9.032509639618714559e+00
-7.235079323203237323e+00
-3.137749002951142785e+00
-5.725560718695390072e+00
-6.832413203733803897e+00
-1.385322158151923411e+01
6.629506332272424807e+00
7.274886350590643147e+00
1.962667110107685797e+00
-3.646217826846533505e+00
3.424422287392803632e+00
-4.724999470457291295e+00
-5.332929122343825767e+00
3.806138198042117171e-01
1.200098217473635209e+01
-2.501964927247244397e-01
-5.143699165838648391e+00
5.259056926960582246e+00
-3.918501823664405137e+00
-4.532949801670950407e+00
2.960628841586883109e+00
8.045604622939457329e+00
9.839728347422852295e+00
-6.378377798111698915e+00
-7.156766739331887450e+00
1.224723049189329505e+00
1.977765652894564852e+00
2.864731740854482567e-01
8.315501386540704587e+00
4.793047302094340267e+00
4.637153306339521386e+00
-1.196495467438722926e-01
-6.501155685165059595e+00
-8.260976039700338447e+00
-1.448749388187144227e+01
1.149677385916848316e+00
-8.322898643704062849e+00
1.440769357794506433e+00
6.805338099425718212e+00
8.531588480743730329e+00
1.376306508177806087e+00
1.729367768807343886e+00
2.271278710165391068e+00
-4.624593923068370138e+00
6.770402385179130178e+00
3.389658186109029803e+00
-4.159144683248655383e+00
4.315954588350590981e+00
8.721165992816917623e+00
3.563803515806517108e+00
-3.290037658898415263e+00
2.990377701250088727e-01
7.015541871100353433e+00
5.310795894261431727e+00
-5.940132525621179660e+00
1.217353929060836215e+01
-1.835879171054396242e+00
3.901303924763910302e-02
7.784578941558196519e+00
-1.462488098802997349e+00
-1.413241621494832678e+01
-8.638918370851762507e-01
6.899906751309288211e-01
2.978035686073050581e+00
-4.821410595922388964e+00
2.832971055659795123e+00
6.052685804497220268e+00
2.388544636669655219e+00
-2.649703740054721202e+00
-8.183324016844268911e-01
-1.485231314447208462e-01
6.773070558494775462e+00
-1.738104075263967019e+01
4.009304563280392308e+00
-9.390422928974821559e+00
-1.769654677303291734e-01
-8.123321874810979892e+00
-4.680839082752139113e+00
-5.659614055576842162e+00
7.003904643377249606e+00
4.214368294184416719e+00
-5.741602571242756525e-01
5.453284691399116646e+00
-3.706514507649689261e+00
-2.202202072365848196e+00
-1.368018230622843134e+01
-3.864954332465242892e+00
-8.348078584611609898e+00
6.963138027899924865e+00
3.260931802553212133e+00
-1.344134439884828947e+00
-5.915641511284412957e+00
-6.982925686793269193e+00
-3.439581159202475202e+00
1.934042777900157972e+01
-1.693651520606997529e+00
5.425344322168313305e+00
-4.174640553344783900e-01
6.179888250800877003e+00
-7.227258558948446154e-02
7.995666343119819608e+00
-2.323251057484174709e+00
6.571220906328763434e+00
8.217896658496746554e+00
1.281375857925861794e+01
-2.060614853578298877e+00
-9.527669211963980089e+00
1.567594254501526940e+01
8.144769515459127973e+00
-3.777344518157557118e-01
-1.427637572099955854e+01
-3.042936955151188450e+00
1.042210763265939732e+01
-1.731008173728850463e-01
-7.044612918701719018e+00
9.605310117210747123e+00
-7.827744861959540223e+00
1.216626400517351847e+01
1.361689548554520535e+01
1.711415306732141772e+01
-1.559749119925681349e+01
3.510383375422009067e+00
-3.731850010536505557e+00
5.044504564718296002e+00
1.303001524862719229e+01
-7.603780849040980172e+00
1.482680920051096862e+00
3.708536117550655931e-01
4.561791292658901043e+00
-1.013595702022543854e+01
-3.623057139227378265e+00
-1.340298380365618414e+01
-3.625467616464424836e+00
8.204038658948128671e+00
-7.138621644732303650e+00
-9.397549711870397005e+00
9.611128618096724807e-01
-5.425876960365543233e+00
-5.401758270300389242e+00
-9.696233876691067621e+00
