2.972353046929486098e+00
5.812751958563937560e-01
-1.220874318490164256e+00
-1.446105051172403577e+01
1.834571102507315477e+00
2.014692498277343979e-01
-1.477555783535100087e+00
4.092639401387134335e+00
-9.606186985508178289e-01
-6.019554476360839068e+00
1.112466170292632484e+01
1.097145055398841151e+01
-4.747676163529098048e+00
6.396144486015352904e+00
1.640885098656612584e-01
-6.236131298897255704e+00
3.711295796152576099e-01
-5.035223124366908110e+00
3.220581925340792573e+00
1.470209348070383726e+00
1.193071523318768001e+01
-2.232916463716629885e+00
1.258014137937256693e+00
-1.178995485549246425e+01
-1.787750653733771600e+01
-1.441491383508146096e-01
-6.536572640229391773e+00
3.399978614254766107e+00
-4.192818185260488661e+00
-1.582704944772177491e-01
3.047304989688630616e+00
5.018216807871535678e+00
6.275165232577162300e-01
-1.290417463847725443e+01
2.167704137715731783e+00
-1.024119658174728720e+00
6.022178017588196042e+00
-2.418004879965951481e-01
-8.932269183107881538e-01
-9.172678757948771633e+00
-3.224191802077593927e+00
7.701828032583346584e-02
-2.808542813118299897e+00
-2.443779899323160532e+00
1.430693200485741912e+01
3.418721846359056293e-01
-8.494690657406676948e+00
-5.997547344518671331e+00
-4.006953623871599035e+00
-1.572573692350683894e+00
2.876544773604104321e+00
6.568790977211561355e+00
-1.072675410383566508e+00
-6.420973381803833924e-01
7.471364339416174616e+00
-3.328121307444473764e+00
-2.032009255288116378e-01
-5.013596472279924221e+00
-1.043474502775092283e+01
-2.071189349195130092e+00
-4.390578830410092337e-01
-5.820622824050349031e+00
-6.644807261696351830e+00
1.780083069402842222e+00
1.259204066307486380e+00
1.330534417678843173e+00
-2.301959329510355090e+00
-3.364843558814815339e+00
7.861229721553511851e+00
2.340323519783450212e+00
-2.200745855168336762e-01
-1.002612112037972736e+01
1.136914191231799620e+01
-6.744944040675095565e+00
4.300722091782399836e+00
-1.396851085615267829e+00
3.075378499697041690e+00
2.951497355720547944e+00
8.846768681081710328e-01
7.572263177698205894e+00
-3.866022341887080493e+00
4.424802211243069827e+00
-4.409332278865425891e+00
2.479440078042447482e-01
1.348999546508307112e-01
6.280236500040839331e+00
8.835998086180021360e+00
1.161025250793022146e+01
-9.624028659107621841e-01
7.047034592354012084e+00
1.140951201071622556e+01
-8.270547356976258868e+00
3.614485597698071206e+00
2.471388628395323472e+00
-4.848080588134757729e-01
6.897732990614136028e+00
-3.329244265841125205e+00
1.713052970142465270e+01
-4.103865915113689589e+00
-1.938930043547588689e-01
1.158878059971348762e+01
-1.526004841354904329e-01
1.143518110303354796e+01
8.036698154213347323e+00
-1.310179307371129553e+01
-4.750049167533410888e+00
-1.253384662871910038e+01
5.889542669165168665e-01
5.680283833126913429e+00
-9.511041122672370562e+00
6.747010398365338446e+00
4.169116923616675852e-01
2.636523826008517091e+00
4.436404282001733534e+00
-3.369547263797236791e+00
-5.644728936150103848e+00
-6.565667159698576505e+00
3.351134799435349088e+00
-6.002979807901126286e+00
1.460961013635449168e+00
-4.313122926388746947e+00
9.263731704581667614e+00
1.123768402508711794e+00
-2.706305957757624725e+00
6.196528896561173561e+00
-7.553143397065182896e+00
1.299795186315089524e+01
-9.716931114007520520e+00
-2.842652592940663414e+00
5.663249681784541245e+00
-2.963753950604397502e-01
-7.290217769173485962e+00
-1.137385898674354934e+01
-1.015425743333064901e-01
4.066812017892728726e+00
-1.393787420091549478e+01
-1.302837518230407632e+01
-1.150935393857542621e+00
1.052125057580530765e-01
-4.174807935884659926e+00
-6.570384895268409409e+00
-4.909503113423727694e-01
-7.972776421125443491e+00
3.373499827181246857e+00
-8.955021173762087727e-01
9.877657466013149978e-01
6.056538071444119709e-01
-2.179821819912331815e+00
9.959243375480368865e-01
1.222993190274259234e+00
-1.274598809743943129e+01
-3.254612915793848593e+00
-1.360367435088993737e+01
7.896103396956752007e+00
9.310828121161766058e-01
1.365408928637610231e+01
-8.427798449892282662e+00
-1.799938540754478566e+00
1.650221114523449106e+00
-5.435767686641672647e-01
-6.884825017109355016e+00
-9.670743755803638209e+00
-4.654536885288315773e+00
-2.581272656415753985e+00
3.827470330856406644e+00
3.243426791971377732e+00
-1.288134668043055697e+01
-2.271096327553869809e+00
-6.876976950674592359e+00
7.779244031038298424e+00
-9.085408113482449366e-01
-1.005660850980932253e+01
3.362653728062702463e+00
-5.558563559391469511e+00
2.526931263545944883e+00
-4.821206641645989777e+00
-2.949648582079753112e+00
-7.474945368015625924e+00
-1.022110219589592717e+01
6.432665597757070586e+00
-6.014574994648246964e+00
-8.150590645558555281e+00
3.806831205389153983e-01
-7.512012555268915648e+00
7.122278808839661579e-01
7.343941227943750150e+00
9.331922776281693643e+00
-5.439645070539207872e+00
2.341215811089976562e+00
-1.181697013349813652e+01
1.279336667130265726e+00
3.130929797312658192e+00
2.656137670270812379e+00
-9.607370429326865136e+00
-8.266362409504365516e+00
8.062592619147951112e+00
-2.521857861944956536e+00
3.111500617026419224e-01
4.225719521980341398e+00
4.910636960796978201e+00
-1.726663783646221972e+00
-5.284666614174071242e+00
-8.959211834216898040e+00
1.004274947038641130e+01
-3.000498133913177323e+00
1.401414281432254327e+00
3.932451777572242513e+00
9.178656675909762086e+00
-3.832982639749631826e+00
6.996727447058095350e-01
-4.094729642481309106e+00
-6.897453932177578295e+00
7.970095942891590735e-01
-1.262593647706446776e+00
-3.641972014825529680e+00
-1.071941171605579335e+00
-6.959681506926105321e+00
-3.343041905155358151e+00
1.870216352100743107e+00
3.650460934698775972e+00
1.781843338672052912e+00
6.955774506315552941e+00
1.061288519830563182e+01
-2.692992892087162637e-01
4.823790869887408128e+00
1.004994718255290387e+01
-5.433608945215714137e+00
-8.074273510598976245e+00
1.088752673964715711e+01
-1.855444421630149421e+01
1.072498471563397837e+00
1.219876396964698984e+01
-4.743815802662404657e+00
-5.469200522149293420e+00
-8.097574060626364201e+00
4.319350419693484433e+00
-1.210485764587199142e-01
1.381738392184903574e-01
8.861843755488665764e+00
-3.581238466334149884e+00
-2.930883834383589903e+00
-4.492691332079922439e+00
4.208033799843055256e+00
8.988039301513637724e+00
-9.632760888985375303e+00
-1.154570769939188057e+00
1.240046954450044758e-01
1.387358894879826110e+01
-3.528593664583208334e+00
4.952241126352133094e+00
-3.900306888424245333e+00
4.945801718947806513e+00
5.611667134399859869e+00
6.279960924284385015e+00
1.322318771290385442e+01
-3.821437745881639536e-01
2.286679004834093476e+00
1.134183198130994974e+01
-5.155271664783514396e+00
-3.645401419721636671e+00
-5.953174530692328048e+00
-8.182976981360988944e+00
5.074560037366498300e+00
8.206942663865278709e-01
4.185661936615514556e+00
