-2.731202437461599519e+00
4.449884227079820675e+00
1.652011520951570889e+00
-2.546370424733929383e+00
6.313968672830736040e+00
-9.686733822347814993e-02
1.292507929623190144e+01
-3.544417127072478912e-01
4.386605432064381915e+00
3.385492662611905068e+00
-9.258833239467216814e-01
4.287873412360062808e+00
-5.531748096794428804e+00
-3.960786227710010543e+00
-9.429957666144579420e-01
-8.648420046511240411e-01
-2.424090841049033607e-01
4.025847912404184603e-02
-2.910308274786201022e+00
-4.510506411009702177e+00
2.919160639275314217e+00
-5.796502877790741692e+00
1.121645442690966910e+01
1.331711405061772879e-01
-2.034842866797526018e+00
-6.609146586427858239e+00
8.793267417191923840e+00
9.095581211680130451e+00
2.607027913102978101e+00
9.126881091828341619e-01
6.882738749238574982e-01
-4.587898269325931366e+00
-3.394400087138283340e+00
-5.863346669930331601e+00
-1.160614730328051181e-01
-8.560883284586715547e+00
-1.307493660131583857e+00
2.202568764586533501e+00
1.280423797706613520e-01
7.281358580295707039e-01
3.618347331895563013e+00
-7.665402544423606912e+00
-7.565221232749849811e+00
-1.818013177248787748e+00
9.675722360173672598e+00
-2.290807526943021699e+00
-2.880585837045417374e+00
-5.985342494208159003e-01
-8.145407459599306677e+00
3.527670277060426240e+00
1.981677456412228144e+00
1.724981167089971956e+00
-8.338719097735364016e+00
-7.246496867891028870e+00
-2.927245003606003593e+00
9.732747318774004341e+00
5.943024289279115191e-01
1.424692799339685223e+01
-3.111284098272193432e+00
6.284043273995855827e+00
-1.466174037004698150e+01
5.552260542693820966e-01
8.489825639386866518e-01
2.558179374847700416e+00
-1.186725626517675103e-01
-5.266003187404836972e+00
-1.614351615518796912e+00
-4.639662009854596647e+00
-6.172071539670453966e-02
-6.838765552649960000e+00
3.655981905626358497e+00
-2.207001306112402528e+00
8.511524547013186170e-01
-4.486723890344459065e+00
4.544234508781013204e+00
5.451092208562242192e+00
-1.913045590309149446e+00
2.853354715345234993e+00
4.659297865613544865e+00
-3.042165762604714718e+00
-9.219484720108965803e-01
1.923762527099586173e+00
9.324330242861396556e+00
1.769498179164631591e+00
8.324104994256266821e+00
8.833484081056347748e+00
-3.745510045557884027e+00
-6.159713200185851889e+00
-6.516233999533092458e+00
3.129286718967098757e+00
-2.581528584942447857e+00
-4.814817806207722484e+00
-2.439731463630159691e+00
5.981064178495897110e+00
-6.800383425977782004e+00
-1.225038016770772842e+01
-4.671141170673628551e+00
-4.223206048297376114e+00
1.866808600453347289e+00
-8.092934767296593890e+00
6.107703960203245686e+00
-3.803693173304234953e+00
-6.369178379871248019e+00
1.150387369457955344e+01
-2.926285847633578463e-01
8.757490453295991628e+00
-4.700553977612915713e-01
5.130291490870019011e+00
-3.429502665017941432e+00
9.026790525182042391e-01
-2.367012165109209754e+00
-7.091409293772705791e-01
1.649881582426863558e+00
6.571887409451408146e+00
1.131814487797341062e+00
-1.384348970531542600e-01
-3.449240621051927747e+00
8.086710821207326205e+00
1.447802589204445933e+00
-4.865763059382317124e+00
-2.605882529124018188e+00
-1.715295585007311274e+01
-1.673850133027317000e-01
6.596415644086087049e+00
5.053741403149339284e+00
4.543704054248821400e+00
-6.908286577390833072e-01
-7.767176459078934059e+00
2.351305769332971529e+00
1.281858307314706735e+00
-1.633653184697649197e+00
-3.522457157181983600e+00
-9.123224577213671083e-01
-6.833147939446293506e+00
-7.676896276165252608e-01
1.505489196290608733e+00
-1.708770890872621351e+00
1.142611118171870777e+00
-7.615302719361573658e+00
9.419470448076646463e+00
2.838558597792117499e+00
2.190056156644924812e+00
8.920344327878037660e+00
-1.324515123326752031e+00
-1.287255787868592405e+00
-3.216239921437259675e+00
5.041424710467239834e+00
-4.463035825737653894e+00
-3.234431970718474325e-01
5.115079687943848263e+00
3.978765330704205461e+00
5.721619666789430347e+00
-4.749084489124855146e-01
-1.059971806914569825e+01
-4.704039344399646438e-01
-2.406005411843264330e+00
-1.332659903857329908e+00
6.687165285080989285e+00
-4.604041989837132753e+00
3.681693227077210473e+00
1.210632663160346389e+01
1.937273739516761628e-01
1.150635353172797437e+01
-8.748351997855898787e+00
1.650478331792788689e+00
-4.864893339693368013e-01
7.672339988042878645e+00
-3.999335737199199325e+00
-3.419422592665249283e+00
-9.699034165001268804e+00
2.376246323207243716e+00
3.178931350210106643e+00
-6.804125422560708181e+00
6.100818241191685587e+00
1.728437028135283438e+00
3.554802644109662069e+00
2.494792592151904298e+00
-5.203364770308040121e+00
7.185107114844295761e-01
6.270500254572805687e+00
3.488248558533098898e+00
-2.732528653149651987e+00
-1.423940253028020075e+00
3.893565837788937500e+00
5.085663611995359545e+00
-1.277084259167662772e+00
-3.213434306193561074e+00
-2.272947218848150541e+00
3.385058389957308345e-01
-8.575143808821151126e+00
4.462487017677892354e+00
7.001179237509283837e+00
-5.393927831863504885e+00
-4.724273306444868759e+00
-5.798199126560271921e+00
-6.780600137444670494e+00
8.438405251701222909e+00
-1.141543103260301173e+01
8.064811575466737992e+00
3.547696484818684937e+00
1.207572188473300390e-01
-1.384447816914069485e-02
-9.888753180638603979e+00
-9.996887451911113942e-01
-7.548999205827660042e-01
1.105506618928148654e+01
4.786715245887949166e-01
-1.028881387089183308e+00
2.218756590372144899e+00
4.396880337295535845e+00
4.116308965042153822e+00
8.293795416678544363e-01
6.530112614101156510e+00
-1.194375078043155458e+00
1.213842060548001811e+00
-4.994467697205748458e+00
-3.897749502072221706e+00
3.302537191132192795e+00
5.622137314432957389e+00
-5.982819861253023674e+00
-2.762266994488258298e+00
9.195276705953036256e+00
-7.142443346366071921e+00
5.617960950670431330e+00
-5.554274132051072677e+00
-4.781718302080346206e+00
1.889375537029232444e+00
4.883509310809069248e+00
-3.034933321600982836e+00
7.688292719869898484e+00
-5.664517016509524439e+00
-2.783478571896714548e+00
-1.787895643116694799e+00
3.806527558539654965e+00
6.204094672754519202e+00
-8.713091260244187453e+00
1.319565556310736021e+00
-1.001648270545217212e+00
5.537386139678288188e+00
-2.064645823045592632e+00
-4.861228074162466051e+00
-1.248013575309124157e+00
4.618063567252358226e+00
3.426273244095906723e+00
5.535442194573882979e+00
-6.668751710017139622e+00
-5.211961157392450694e+00
1.006183226409319431e+01
-1.944369752965005915e+00
4.909896378646315895e+00
-1.615988677851840638e+00
-8.983183428284551297e+00
6.421305151383842613e+00
9.496533556334801673e+00
-4.207484192155218850e+00
1.294090323936038445e+01
-2.123226997892865953e+00
-9.634564438472370540e-01
7.235221075685345227e+00
4.384939808899681601e+00
-1.475528961199919387e+00
-9.436169551900920993e+00
-8.469724198076473698e+00
-4.262500071164709858e-01
1.517829546832141219e-01
