2.742823331119264907e+00
-7.440787620344142539e-01
-4.300176006282500296e+00
-5.847570392569572562e+00
-1.017505903980653104e+00
-5.900972662357013121e+00
9.919961053941094065e+00
3.068105248876219493e-01
3.742771578775599295e+00
-1.830089442537726097e+00
4.125741075245923817e+00
1.826892504415909446e+00
1.350682049541259921e+00
1.557876549505716968e+00
4.576233512738021147e+00
6.095723600235736228e+00
1.287798063502615165e+01
3.774722283663890288e+00
2.577814042052313681e+00
1.406540485306099875e+00
-2.177918982588901375e+00
-7.951305095872522877e-01
-6.940021688054661908e+00
1.625616412856622395e+00
1.018984007231665778e+01
-6.843018729405751621e+00
4.341985271103573574e+00
-2.539036920053514557e+00
-2.778166970338236119e+00
4.892159029526172986e-01
-2.859671820167590806e+00
1.066200202623994731e-01
4.821840747166177721e+00
-2.896282010607354351e+00
-1.466837966506896507e+01
7.355761844784442616e+00
-2.257370177037665293e+00
3.240526727252037276e+00
-8.579873213852236002e-01
2.180455883660741279e-01
8.076379144855838632e-01
-1.163851898120802986e+01
-6.965025626979584494e+00
-4.302104469675555265e+00
-1.034807516085248480e+01
4.539637166279529845e-01
6.263471180036885855e+00
-2.164819868712736017e+00
-2.998787260326061688e+00
5.912426971780235796e-01
3.226199795564775208e+00
4.700506728090429576e+00
-3.753163778838154663e+00
5.989325622472460031e-01
-2.798275493693607174e+00
3.049067859281297643e+00
-1.244592637749887487e+00
-3.273604049109473113e-01
-6.106518866334812223e+00
3.081431025558720727e+00
-7.442574355488984494e-01
-2.146364983762090173e+00
4.388208161617908054e+00
2.329054544602460197e-02
-2.292783917045828623e+00
-8.018710513054870148e+00
-3.262797058212689727e-01
-5.607081374188965794e-01
2.584268649812883289e+00
-3.274915871461600680e+00
7.906643548747615213e+00
-1.113761140497299795e+00
-7.940864037334102399e+00
-2.714643488046729392e+00
9.246409691231914252e+00
2.900840360423753594e+00
-4.799419284506461381e+00
1.027144693326878411e+01
-2.071217283606218373e+00
7.660005859675498741e+00
-3.622924378519223332e+00
3.095597650754529084e+00
3.678857333181779765e+00
-7.755521309774371375e-01
4.633216507040516241e-01
-1.078795524650385307e+00
-1.356550401072121881e+00
1.985388751079551817e+00
-2.889589629991879960e-01
-3.373706448290513471e+00
-4.912699530740338716e-01
5.572644083049186570e+00
-4.319938235311384211e+00
8.364363058492413572e+00
4.639005444582563698e+00
-5.125840980915207012e+00
6.680508184096934698e+00
-3.607363744771221459e+00
2.185745022171622143e+00
-1.813100914169834432e+00
3.460496304947954016e+00
-8.589978095221056265e+00
2.847739278111349748e+00
2.241525119567031155e+00
-2.079355548671778742e+00
2.491360495543381681e+00
1.010998541005261586e+01
-8.668878553499395068e+00
4.047696368185381921e+00
-4.044950929168277809e-01
-1.241771816718764132e+00
-2.350141259902694735e+00
6.422893755611385203e-01
-5.571365677158086172e+00
-1.406229727945999874e+00
3.769683517110717919e+00
-4.872821821623214866e+00
3.002544652250330071e+00
-3.849045609841422966e+00
-5.770991878550217002e+00
3.975425928231569372e+00
-1.069163986322722248e+00
1.357781789879268786e+00
1.102059740201152271e+00
-4.328362888194998703e-01
6.671230738776776192e+00
-4.468854286258467923e+00
-5.710916681405231898e+00
1.798952424151395224e+00
-6.049221863237548291e+00
3.404567447868053875e+00
-3.702445361238866361e-01
5.969468341651994692e+00
-2.257177421054282984e+00
-7.131870048010868324e+00
3.120027905966320514e+00
7.717379571013590400e+00
-2.273734898298008567e+00
3.188586314496163254e+00
-4.875184136882094066e+00
-4.880103130750841345e+00
5.566997811780664662e+00
7.006832708512695795e+00
4.974144782403302045e+00
4.030025844549367520e-02
-9.432214668658135182e+00
1.947979404159497108e+00
-1.178262771818053167e+00
-2.307417256024981711e+00
6.739560793501321534e+00
4.317111273549332218e+00
2.295743252955828595e-02
2.970938076619798807e+00
-1.058171443309947168e+00
-5.799499298836673589e+00
6.217160566557055290e+00
2.857197920547689840e+00
4.242110074200797776e+00
-6.366070420459455370e-01
-1.419274831545303539e-01
2.916273996878569807e+00
-6.301020046054831347e+00
-1.991633401241432733e+00
1.491472485607405085e+00
-6.855937817816585067e+00
-2.299094104383261339e+00
2.364074181564356447e+00
-4.138601892206338562e+00
4.848980198671837272e-01
-5.449802176096274486e+00
2.151684676611157698e+00
-8.559673414711225448e+00
2.492907719715175219e+00
7.379008561713916947e+00
-6.505442992433018823e+00
-5.459515148622203107e+00
-2.955340836799518200e+00
2.335139326146526528e+00
-1.205610401790227382e+00
-1.933643017350938242e+00
-5.714193209934319562e-01
9.336860475269205262e-01
-8.376146641801312853e+00
5.970859541274350590e+00
1.213013156296608841e+01
-7.836119790865092583e-01
1.217313976606938297e+00
8.726641041004901567e+00
-5.090357540079851972e+00
-1.421378407019356249e+00
3.737310946178402205e+00
-3.634616884239155965e+00
6.476999395842636176e+00
-4.791617881263006140e+00
-1.834929446586596180e+00
4.030927685736655164e+00
-4.846909232590444816e+00
-3.331470864678785837e+00
-2.999558591761617876e+00
-8.975479008945763226e+00
-5.987861485641986503e-01
-4.659097932720800195e+00
5.724858687538128876e+00
8.823077141228999887e-01
-5.264150164321275582e+00
-1.310907865485733126e+00
9.650383340926071973e-02
-5.013937820302641235e+00
2.978366494382875374e+00
8.228852307916938003e+00
1.954458872240039113e-01
-2.661380273485371539e+00
1.234904432221890058e+00
-8.011816676212895061e-01
2.717202396396344533e+00
-4.168223246879435351e+00
2.389740241942051480e+00
-5.781012572293370289e-01
1.208134826322914712e+01
3.615425311257976837e+00
-1.309535115557318719e-01
-2.832622665492749547e+00
4.885328516756266559e-01
-2.813528900311379033e+00
-6.061462767108967142e+00
1.729512078632364780e-01
-4.636481648643969500e+00
-9.133191466572956330e-01
3.929738570166551259e+00
-1.861062265386827397e+00
5.041758349433330011e+00
2.618542330288908815e+00
-1.542573688193650927e+00
-1.022778087922089796e+00
-5.336548699474785273e+00
-4.304853868062312294e+00
-7.192140708686720174e+00
2.196168522411442670e+00
4.635042225168033880e+00
-8.491164205966143186e+00
-7.265795179678682381e-01
-8.368114003781066401e+00
-1.236584705002970352e+00
-4.806763474670842307e+00
2.294331657779336009e+00
-7.046586932979199247e+00
-6.137365612808575399e+00
4.921369017389530143e+00
-1.853707749415150152e+00
5.511123078131481279e+00
-3.521496547265379640e+00
3.022954689773763803e+00
8.594955916756935821e+00
-1.228474502076354558e+00
-3.377698643904759823e+00
-2.875917035429922386e+00
2.429947623986244309e+00
-4.108062979303316986e+00
-2.553209303393950691e-01
3.595332116815130874e+00
1.177961559610870568e+00
-3.924826796166411391e+00
8.750711757875786034e+00
1.105439276980835217e-02
4.131084897937448375e+00
