-6.277569758478036555e+00
1.198133928784149838e+01
-3.786833536169187386e+00
-2.977587894796328349e+00
-5.018681680170904436e+00
9.984548348539183493e+00
8.074200648419193049e-01
8.433791100524121731e-01
-1.556480761292659221e+00
-2.661515826441079646e+00
-5.414565506412685636e+00
8.917437879026159919e+00
7.006881136401757360e+00
-6.984595974622180847e+00
-5.477043557243170824e+00
-2.245216964499664236e+00
-3.809963211069366196e+00
9.589425279501529786e+00
5.155516288274674785e+00
-2.011165765309042452e+00
6.500436392557274345e+00
7.685627044352454362e+00
4.457376145110369947e+00
-1.241037428385283636e+00
-6.815666727342037490e+00
6.220443122783594347e-01
-8.535687589429533872e+00
-3.687781155511384412e+00
-1.195851822370407547e+01
-7.723067662694920621e+00
6.573292606075779254e+00
2.007580606086603048e+00
4.000341437535743783e-01
-2.918966458368652539e-01
1.070872708473865842e+01
-2.934484325014361517e+00
-5.083219341258316426e+00
2.680083681473410806e-02
1.001720979590829064e+00
-5.242968306754715258e+00
5.417657831598244655e+00
-8.571846205318168543e+00
9.454198033694471981e-02
-9.137677915881504020e+00
-2.804956946929575423e-01
-1.298707828286428168e+01
5.798822705832068714e+00
2.731501329281560864e+00
8.502439608296203488e+00
7.726997441543258738e+00
7.582889312802736370e+00
9.392463127906792053e+00
6.077783050418426924e+00
-6.222155202748387737e+00
-7.564743311313971708e-01
1.251777000665311945e+00
4.679806127100171409e+00
-2.731191450581074598e+00
-6.314381098821283622e+00
5.149722927697814256e+00
4.840829754439563537e+00
-4.797833738385728353e+00
5.785613151882352589e+00
5.484239774538066214e+00
-1.625624311849694248e+00
9.657695571742825891e+00
-1.648941137672527812e+00
-2.747396501295164217e+00
3.495429353232291092e+00
8.297317632517001940e+00
7.218933087390932979e-01
-1.790089993049211348e+00
-6.228612093900100177e+00
6.382005006431175964e+00
1.850026868807082003e+00
-2.563442708224498379e+00
-1.132442011350547340e-01
8.152371386640162143e+00
-9.617887514234678692e-01
2.776508779020625983e+00
-1.201904647480416921e+00
-2.305592783832193238e+00
-2.118487208120188647e+00
9.681956231750201702e-01
2.425573078001891147e+00
8.888767664468307572e+00
5.159624747434679470e+00
-7.182771963310024432e+00
-7.326212935459587072e+00
-1.462199294566983276e+00
8.564229667831431136e-01
4.995796017539784195e-01
9.639301639991892934e-01
3.704104652595047398e+00
6.492504832354587307e+00
-1.117701725259164114e+00
8.454215581092234810e-01
-1.008316299208780897e+01
4.864165234439492558e+00
5.956269618377617370e+00
-2.260049864531098240e+00
-8.314089673066748176e+00
-1.083706358677938297e+01
-1.662229212607904572e+00
8.010193704242482227e+00
-9.718881751504396149e+00
-1.381312659107314644e+01
-4.665557011383057784e+00
4.582965473174746229e+00
-3.597080224454419550e+00
2.923524638400212261e-01
3.992320013488561692e+00
-6.199300736468873474e+00
6.215788338988238237e+00
7.077166843271119667e+00
-4.672475480857174901e+00
-1.291057083191419075e+01
1.487242428504938596e+00
-1.587258183019024216e+01
9.455597763597221928e+00
4.696203608888578351e+00
-1.639151803708111643e+00
5.775088418502818399e+00
-1.101199484008503315e+00
2.280770255064227481e+00
9.182987884289511626e+00
-8.199143618976005854e+00
4.293933167330465928e-01
-4.524415824696494504e+00
5.312524455473580431e+00
5.293824909663305434e+00
-3.201652720682774067e+00
4.086136270170271700e+00
3.366816636979375943e+00
-6.797646623038504643e-01
6.107265934679986685e+00
1.687584816648168395e+00
-3.298888633668518366e+00
3.674260116071776494e+00
4.258896474515194264e+00
2.726376738874272121e+00
-8.469280682024537654e+00
8.960198090345059541e+00
-5.384862527030694679e+00
2.639387693774303933e+00
2.108051636142355356e+00
-3.844640451092679712e+00
1.001828772827860092e+01
7.663572029839643918e+00
-1.158553059065875246e+00
-1.045284735669049248e+01
6.098472925268988654e+00
6.850707912575352942e+00
2.758905571300176440e-01
-5.612842921904624305e+00
1.100557092322370867e+00
-6.186632864136990761e+00
-1.218799460057544337e+01
2.984176232153955333e+00
7.107234638219675382e+00
-3.434246663186157011e+00
-6.713138470121809753e+00
1.125566101672515629e+01
-1.933258570107120322e+00
6.713843626745203075e+00
-2.773816436686948883e+00
-1.114629520511727101e+01
-7.382485187182508124e-01
-5.280436492234038326e+00
5.404913079895860228e+00
-3.923196812892454144e+00
-8.865336906290613328e+00
6.676586582883660803e+00
3.564616601326281220e+00
-6.412795736860940288e+00
3.633457229315180559e+00
-5.413615224364444423e+00
-1.246668341903385091e+01
4.251518582992328987e+00
3.189734527033679878e+00
-1.026733466991153865e+00
5.186822069337971186e+00
-5.785829666494329615e+00
3.748618907377086806e+00
-1.146557743781088767e+01
5.888337343089529163e+00
-2.563915804164162537e+00
1.113469765397610445e+00
7.406511920858215525e+00
1.144539207207857956e+00
-3.827024813898090461e+00
1.387177193433458688e+00
-3.486558999013812166e+00
4.364171194477658666e+00
-1.703420006336983539e+00
4.472753282153855814e+00
1.093531578975923679e+01
7.839839937684105919e+00
-2.437017889510227242e+00
8.478476719545101403e+00
5.555155125355478063e+00
-8.616946083221171948e-01
-1.443213605507241759e+00
7.119587969384260084e+00
-2.687429543363391016e+00
-7.379196962560358841e+00
-2.051940043055056506e+00
3.900862677778511589e+00
2.269029280261045223e+00
7.734536599150583225e-01
-2.841895640144053381e+00
-2.035447727885423497e+00
9.175155466673839300e+00
2.284640693753215324e+00
2.537626628286835384e-01
1.615755740253580486e-01
-1.080467521415160981e+01
-8.617027703276797013e+00
5.811351241736259610e+00
3.111937428634632852e+00
8.506175006583567288e-01
-1.968793138217521843e+01
2.020503957214714319e+00
-3.759536669919361085e+00
5.802607540249114848e+00
-5.838753963075769882e+00
-8.744534868733619959e+00
2.619243749585956405e+00
7.344154387395319006e+00
-9.170944997272036936e-01
-1.302425523754857828e+01
2.882431129701155115e+00
-5.891701487013027982e-01
-3.675153940505034633e+00
1.402710512888409200e+00
-1.997118895077718115e+00
-8.793513099268434274e+00
1.235397924366039391e+01
1.027365524826215015e+01
1.963907484857543295e+01
-2.454449471384908321e+00
-1.366104709364696079e+00
-2.914397648869674562e+00
3.345785343534800838e+00
-4.962099957100696845e-01
1.453257164012505154e+00
-2.979007514373914756e+00
6.260528070004834689e+00
2.231669578044121582e+00
-1.459590564413523639e+00
3.001274559217640636e+00
-2.113922735732792546e+00
1.138942544775849441e-01
4.502579594136999930e+00
7.945861143015074290e+00
-6.647084616352498365e+00
-1.030491843509950201e+01
1.366706772148573723e+00
1.253140605689705200e+00
-2.501328775293913509e+00
-8.951667374833132129e+00
-4.438034910550164192e+00
5.675135032404057256e+00
5.780997142246961928e+00
-7.732898621321178112e+00
