-5.516274861708081456e-01
-1.000000000000000000e+00
-5.837121622159262557e-01
-2.516788999806416349e-01
6.439018206513289488e-01
-9.915514212950364836e-01
9.309704335079418414e-01
3.395925463443025816e-01
-3.395613809985278397e-01
-4.589313379846893248e-01
-2.983289723360060819e-01
5.221802218831108622e-01
-8.833616544396876158e-01
-7.989116199808050656e-01
-1.000000000000000000e+00
9.759083161918482574e-01
2.490082267873630073e-01
2.657078771027141517e-01
7.298931904457612863e-01
-4.012780111466962563e-01
1.187318712152759526e-01
-1.000000000000000000e+00
-5.301063271433206214e-01
4.681265179708919977e-01
9.247792885203895974e-01
-7.514978574226600649e-01
2.072869054071626582e-01
-4.432126081539975448e-01
6.031487194763207604e-01
8.008860936929815821e-01
-1.073270940247816885e-01
4.014099107368004349e-01
-4.119500942778342445e-01
-3.787004393908222077e-02
-3.328829430985225102e-01
-2.021059351833089934e-01
1.000000000000000000e+00
-1.557199929549237805e-01
-9.536542471905007368e-01
7.892799158516998759e-01
3.205356389396338823e-01
4.592130124580768857e-01
-1.020692947305783527e-01
1.000000000000000000e+00
8.010919101567977041e-01
-9.442341511970009371e-01
-9.305375229469359244e-01
-9.023309503814285204e-01
6.848872061891844165e-01
4.681557961591196193e-01
-8.803679406324091961e-01
7.228378321331798695e-01
-2.229584801730317700e-01
-7.501388859497779560e-01
-7.276688050882764713e-01
-6.451116331922523983e-01
8.197355650522291093e-01
1.607984319040054455e-01
3.549783021670620542e-01
-9.052479627279794716e-01
-8.519900838361618156e-01
1.000000000000000000e+00
-7.061157173432581757e-01
3.987732331221138793e-02
1.419221545825430919e-01
-4.645706977766959067e-01
9.334960872360560380e-01
2.274150377155124136e-01
1.902708428139279206e-01
-4.203833321035630455e-01
2.112939268005287197e-01
9.188888260979777289e-01
-6.665550123691150741e-01
9.399901076428900382e-01
-5.164021468769619538e-01
6.795436335647362380e-01
-2.412577038129890550e-01
-1.358816300855876236e-01
-5.110146059515960903e-01
-8.648429639752204245e-01
-4.430506996000151965e-01
-1.327328658016382334e-01
-5.446042864249056592e-02
-1.406219940666788570e-01
-6.113373225167635372e-01
-8.516717671371225595e-01
3.790770533196730074e-01
8.244459976551461455e-01
9.453675846233446922e-01
-6.183666481209326715e-01
-1.040336211854657744e-01
-5.803955501898920843e-01
-6.586110103576607866e-01
-1.327627299615106171e-01
2.346106069987596854e-01
4.801540176282739214e-01
6.958135648390564310e-01
-4.469304443186610243e-01
-7.517915828968206871e-01
3.567564055700318537e-01
-6.351513023284738324e-02
3.477759023639752645e-01
-7.095973982804180125e-01
-6.148373642786513216e-01
-1.880169850561677070e-01
-9.735455147919729324e-01
-9.951698656089527084e-01
-8.928197762165408502e-01
-1.994325125469755822e-01
7.687774223253789341e-01
4.437845001563121006e-01
8.124596956239498180e-01
-1.396907531924291845e-01
6.136228140287238730e-01
-6.865075341907731499e-01
6.957113978973274993e-01
9.828510446048761562e-01
-3.071531867859706999e-01
-6.987121630047283816e-01
3.214810134207748415e-01
7.221316955003302951e-01
3.828758301980024203e-01
1.416785404448899222e-01
-2.997808801906245435e-01
4.586081767243599394e-01
-2.205639154796279477e-01
4.222530777292512472e-01
3.572268831078400098e-01
8.266198404068454408e-01
-5.851878083322243906e-01
-1.114566758935677804e-01
-9.745204235533542203e-01
-8.114023848796956262e-01
-1.358419726286934637e-01
-4.320493059431884664e-01
7.638801827661905186e-01
5.954607855299844932e-01
7.650254286403697090e-01
-5.789050323479711935e-01
-7.002023960127348179e-01
6.425722670641424994e-01
6.205059779279149534e-01
5.899697899107372301e-01
7.524097032400622886e-02
3.645243277276917215e-01
-7.048423356706492449e-01
3.103312339992851943e-01
6.667898630595032738e-01
-3.421657752630837823e-01
-5.353208610538493506e-01
-8.244355637146609794e-01
-5.007215805761537908e-01
5.534372061522803143e-01
-6.069444181775029978e-01
-6.285566887669338243e-01
-8.405521923846450694e-01
-8.951632957111712585e-01
-8.792447692738263321e-01
7.285906971689495304e-01
-4.094122955754708748e-01
-7.233945775528882738e-01
-9.624755793053660913e-01
1.881746772251307043e-01
-9.835559859653482118e-01
7.088004380853449860e-01
-8.467793733294137759e-02
5.694352325428764239e-02
-7.481131540404122315e-01
-5.855232837655615086e-01
-8.055111036429432048e-01
-4.472666090950674356e-01
-2.237691216336501476e-01
-3.980667148011138856e-01
2.206190490262873727e-01
3.808338653295071374e-01
8.177275770694993895e-01
1.610256368325682086e-01
-4.063655577329035040e-01
-6.772961786991253952e-01
-6.259370687842773506e-01
5.584598343677582566e-01
-4.113026195111328942e-01
6.972896504057770617e-01
8.177944587416636768e-01
8.091174686571527275e-01
4.232112739890552255e-01
1.403428498685763692e-01
-5.538378107175694343e-01
9.237039886037934355e-01
9.295514928872012916e-01
-9.899211498989077818e-01
-1.038172914675472569e-01
9.111042551721793004e-01
3.719850912745967797e-01
5.061537612946231945e-02
9.978726715434065309e-01
1.045901246985321276e-01
-7.107127810001114820e-01
9.353535505736489952e-01
3.349333714522328975e-02
8.483721328675146722e-01
3.280322782064120091e-01
3.412407292297370276e-01
9.680680936264278724e-01
-2.058525164026174803e-01
-7.807526473935184619e-01
-8.605582031702430079e-01
6.308688890877693911e-01
7.690308810472645806e-01
-1.000000000000000000e+00
-4.740987134587597573e-01
7.441099859988138387e-01
-2.916295104772577140e-01
2.806127735830341585e-01
2.222794280408997292e-01
6.476352428831184671e-01
-7.822779664211543249e-01
-6.820167530566023650e-02
1.071465881816393573e-01
-5.943257680963043299e-02
1.550458885094745387e-01
-7.131103260470899041e-01
4.161721994114180312e-01
-8.304940878511213320e-02
-7.749474839013954508e-01
-1.994380217971336577e-02
-1.021577016380732505e-01
9.887331732149911012e-01
5.028426219145607501e-01
4.908054170811468886e-01
-8.673426254223661758e-01
-7.102048105160194691e-01
6.380180808137654314e-01
-7.993197584914648601e-01
-8.208972550796955758e-01
-8.953596603145241861e-01
-8.178968299963935706e-01
9.262826404261461644e-01
6.509457968971104069e-01
8.751723744434063423e-01
8.110317614001705255e-01
8.222400308127619795e-01
-8.028175619372703853e-01
1.232723966651581016e-01
-2.028403636919409170e-01
-5.675842085605629084e-01
3.818291517435388194e-01
7.522361626499229903e-01
6.981457782845823523e-01
-7.862471237927324275e-01
-6.214344905027127108e-01
-7.093179005272465254e-01
3.484454122941220700e-01
8.249190742420582367e-01
8.028757505472590150e-01
4.744187355681952489e-01
-9.942750559910140673e-01
-7.257538485364323222e-01
-1.313885172456983330e-01
6.232667408753214122e-01
4.460843451682356964e-01
-2.259130524755983416e-01
9.976935390730494735e-01
-1.870324805333523077e-01
-6.739786613472475985e-02
