-1.974754715052651211e-01
1.085314685342808616e-01
1.970396054300440625e-01
-4.494127673151473434e-01
-4.300568422875470365e-01
-8.922310043471095575e-01
-5.172877985401729273e-01
4.754666297994437074e-01
-4.863698031334575678e-01
1.000000000000000000e+00
2.155104072806239834e-01
-1.000000000000000000e+00
7.703253956799924751e-01
-5.618407607920847813e-01
-5.914944894650688845e-01
3.444826067977814210e-01
2.349803720735115231e-01
8.865440694923132359e-01
6.291162646737766817e-01
6.218071071110442549e-01
-1.944676796748574521e-01
-5.714293115067790030e-01
6.751382758116120097e-01
-7.652119498553142662e-01
9.419585554712054387e-01
5.833023253417728426e-01
6.207409085601802712e-01
4.629583842432076768e-01
1.694566817627574384e-01
-2.795271620221198017e-01
4.147657764522509893e-01
-4.663016889039335866e-01
8.051990568291989003e-01
9.130211761514808178e-01
-5.481059535792123238e-01
9.232603588577508180e-01
3.976996471094191854e-01
-8.295414346413937379e-01
3.133886185269644242e-01
-1.000000000000000000e+00
-5.971060937125605150e-01
2.544677239914122646e-01
-4.147258845718082565e-01
-7.747505271668975180e-01
6.493722885536965528e-01
9.129834585452047957e-01
-5.999685959808646052e-01
3.910932565636104918e-01
-8.838152032638166844e-01
-1.000000000000000000e+00
-1.000000000000000000e+00
-2.551897387508903492e-01
-3.169253751279077491e-01
1.528436868167086793e-01
-3.214029673744163151e-01
1.678585379806984967e-02
-1.500857214566715392e-01
-7.434420990650751904e-01
-1.032814313418274343e-01
9.131325457539036794e-01
-6.068240131384401437e-01
8.944251854549664094e-01
2.998771754987512583e-01
-1.000000000000000000e+00
-2.333724517614830241e-01
8.599714927089456840e-01
-1.903272742114141547e-01
8.260697778287027226e-01
-1.532096804512930177e-01
6.671225779356286800e-01
-1.466007092031624826e-01
-7.913990223768483379e-01
-5.065041599211592693e-01
6.623812033076754702e-01
-7.694183132566532191e-01
7.788607940946359331e-01
-1.000000000000000000e+00
-1.000000000000000000e+00
-5.186846003487506351e-01
6.910223425699568711e-01
7.363125320179246813e-01
-5.310333502575033116e-01
-3.855257877261440980e-01
8.433525029256041528e-01
3.958992045426069639e-01
5.531509519612092252e-01
-5.857036568748625882e-01
-9.407735679850068866e-01
5.299012679165244766e-01
-2.379896266089542856e-01
7.053230624008297589e-01
9.977953470184957041e-01
9.612567397513862577e-01
4.169764539640883338e-01
-5.791032659710244612e-01
-1.888761125772100424e-01
-6.913339514637593108e-01
-5.604602100462379166e-01
2.588464739260214476e-01
-5.446681358091756131e-01
-1.357127805493654749e-01
1.000000000000000000e+00
-8.847824188770621046e-01
1.000000000000000000e+00
-4.390441374211606629e-01
-9.922693659900845287e-01
-7.291287501023331341e-01
7.635508868011875450e-01
-4.383823403518136708e-01
-9.015048693311298322e-01
2.637850405956743138e-02
7.893863653856030282e-01
1.774931652268292304e-01
9.039943452215704056e-01
-4.985900455296261580e-01
-7.743471078484516212e-01
-4.323606179404257954e-01
1.000000000000000000e+00
-1.000000000000000000e+00
-4.563008159895531879e-01
4.780918607834873102e-01
1.176188263767483644e-01
7.262984639755298844e-02
-3.641757295274090644e-01
9.950826617332548807e-01
5.403515211400917728e-01
-6.207115132539022806e-01
-7.309854986881365591e-01
1.000000000000000000e+00
-7.678619705389873040e-01
-8.938358464977942397e-01
-1.265806767451154169e-01
-4.043476659157871911e-01
-6.107349527041627812e-01
8.846288168247486983e-01
-2.488627661706981353e-01
5.646692197083758025e-01
-3.989563444503063661e-02
5.926375098970049216e-02
3.534401412380012708e-01
-8.075883925906366390e-01
-9.299134601337696315e-01
1.273662656065590593e-01
-2.771781574447620411e-01
8.150520697440855056e-01
-2.012720646349115405e-01
8.693622280902519872e-01
-6.438144012058917287e-01
6.448982866915966561e-01
-6.769584427397736803e-01
9.096860543531606336e-01
1.858673610848522451e-01
1.121994065282396758e-01
-7.420546390221987032e-01
2.750038809729646871e-01
1.805119645766641856e-01
8.825070031257069569e-01
-2.925103931569008608e-01
-5.682576836940387288e-01
2.950884417661621129e-01
8.502455753162843077e-01
-4.803028173629881881e-01
3.320910900272656119e-01
-2.696003764756338406e-01
-1.632667275582838640e-02
-1.000000000000000000e+00
-9.265800140775954929e-01
9.820246200023292626e-01
-9.738782000900496616e-01
7.069217064753081647e-01
8.979280214089455647e-01
-5.717369408444946677e-01
6.698029057923948759e-01
4.048632339415032533e-01
-6.830916437182292800e-01
-7.581207676165617748e-01
-1.000000000000000000e+00
-7.657089880836691620e-01
1.000000000000000000e+00
-2.057299508283040312e-01
-1.258973538708296758e-01
2.804283466294139604e-01
4.625208585951712248e-01
9.637357884060815394e-02
1.000000000000000000e+00
-7.852255833165113774e-01
1.726781462054252092e-01
8.090269361387980585e-01
8.709479719933883590e-01
-2.612612954606481352e-01
-1.458123348888487048e-01
-4.292802597571860890e-01
-1.000000000000000000e+00
-2.806318607767364082e-01
-9.971998110511487434e-01
6.689304543260337077e-01
-2.383853632703911707e-01
-1.000000000000000000e+00
-5.238356051181833895e-01
-9.909869818553069809e-01
7.869466521085650701e-01
-1.000000000000000000e+00
-7.477148922317355950e-01
4.347079427352908976e-01
8.154341894671415236e-01
5.135299944462898836e-01
-8.621636666098519974e-01
-9.565773250309119735e-01
6.614427425261442117e-01
9.456410599020836916e-01
-8.253858671465328367e-01
5.622657164222928383e-01
5.755352872979004886e-01
7.756932419333555373e-01
-9.386293111672585621e-01
-1.000000000000000000e+00
-8.527494259786116970e-01
1.000000000000000000e+00
2.748486155344411763e-01
9.915612495247416724e-01
-5.289193203986042313e-01
-7.929915004659724431e-01
-9.875158842363946921e-01
-2.422576552780115744e-01
-1.545138665154626167e-01
1.000000000000000000e+00
-3.505358840284178434e-02
1.000000000000000000e+00
1.175200553038346918e-02
2.157644026303502383e-01
-7.398724850719975432e-01
-4.072621954671173938e-02
-9.599185061553530129e-01
8.197716860215706891e-01
5.728847618532972863e-01
8.102740651364761515e-01
-6.575514430135436239e-01
2.460595371751650440e-02
-9.689795202067248425e-01
4.982818982585051071e-01
-6.134549696037552291e-01
-4.757523533401273319e-01
9.113059492193369415e-01
3.554812768867687822e-01
-4.673975757997632652e-01
3.872208768534999290e-01
-9.777882500099053242e-01
-3.267789989100760017e-01
-1.000000000000000000e+00
-4.574069336232751137e-01
-1.000000000000000000e+00
5.453762380046991431e-01
-5.460294296502503641e-01
-4.101661805150906837e-01
-8.996758948477088236e-01
7.753800192529185509e-01
-4.820022288268384081e-01
-2.149111410617461360e-01
-9.143692707996531333e-01
-9.792537939719705431e-01
-7.731314026354969560e-01
3.544135244699285758e-01
8.905731217938209765e-01
-9.311428083946533540e-01
-3.139876349008285938e-01
