-5.083215423527909227e-01
-7.110431245460981931e-01
-5.220479711950876123e-01
2.154693734564119278e-01
-2.352490465940453301e-01
-3.384294426146259305e-01
7.059195403099702837e-01
-6.811013624566264468e-01
-4.717680436898008534e-01
3.566943449926203158e-01
6.374149752139630642e-01
5.810506497291245687e-01
2.602282900789889553e-01
-1.320427501388172775e-01
-9.244001380101360965e-01
5.717622824284740446e-01
7.848759078148246360e-01
-4.965228450902769985e-02
1.423839786904064209e-01
-1.871343222120125382e-02
-1.795287022990934567e-01
-1.395962097720107042e-01
5.703169298268639942e-01
-7.448550897276162708e-01
-3.389415810906526438e-01
-9.498318551429227874e-01
-2.448748413340289254e-01
6.642232191117658502e-01
5.239380424074531195e-01
-8.311920018447029879e-01
-7.786379320504766000e-01
3.178983013654785861e-01
6.536798262280851812e-01
-7.665347801368043168e-01
-9.547856064987174651e-01
6.568468290612010652e-01
-5.084868450897592762e-01
3.161097913267922888e-01
2.102823522117038824e-01
2.120064786623190312e-01
-1.149679034537909317e-02
7.590042096967746232e-01
-3.149326237819010110e-01
-9.552089562380361443e-02
-4.917309744391009652e-01
8.831189257406484305e-01
3.377912445398898456e-01
-7.588363088934864109e-01
-1.606357354077521116e-01
4.095396495148766469e-01
-7.423104008703924617e-01
8.062621785924910522e-01
8.878636379937552281e-01
-8.693082823660771563e-01
6.226533314647906270e-01
1.309810698275868379e-01
-4.205831319116206668e-01
8.853424573771291328e-01
-9.398265090512605280e-01
9.697287202124591499e-01
4.956653569547302407e-01
-1.957689753542710687e-01
7.743833649967242216e-01
-1.721204135728566786e-01
-1.300984658756005885e-01
5.187000749990990922e-01
-3.897844019918967895e-01
-6.452057821388419434e-01
8.409418112144719792e-01
-2.591078602309433432e-01
4.913299746269570445e-01
4.563463336611410792e-01
8.215883302008375466e-01
7.731265509647642364e-01
8.518472258566724964e-01
5.575213082448462476e-01
8.927652345519510035e-01
-3.503557992202754878e-01
-9.371042182908682072e-01
8.212685836728650379e-01
2.429190445893896211e-01
-9.158942454277736456e-01
-6.336700700048547574e-02
8.609328944260434824e-01
2.898650762990984120e-01
7.509444800499158745e-01
-6.559310845966213055e-01
-1.241447367682468883e-01
1.351480172789649714e-01
-9.341278883199692906e-01
-4.027727719341678281e-03
-5.763633674105890226e-01
6.577296294696401979e-01
3.768874757165625589e-01
8.600837245030108491e-01
-3.432286213185020696e-01
-6.937613144407328569e-02
8.184463729038715663e-02
-5.127311395827227614e-01
-7.049282738191060549e-01
8.533986645188356146e-01
-5.335878154961759545e-01
-9.840472503450810038e-01
-8.919325253805796549e-01
1.621892249058469737e-01
4.138482220020431868e-01
-7.936028218436246284e-01
9.249406924316179168e-01
3.374252711335476995e-01
-9.642645341680911031e-01
7.767561221381180658e-01
1.550489024486212397e-01
3.480011840902172970e-01
-4.129809150602099521e-01
2.631000883007050817e-01
-5.056540572946834899e-01
-2.775026418669221950e-01
6.473385344633779681e-01
-1.096203401606052896e-01
-7.069046554913158698e-01
-5.325538687761783851e-01
-9.151103512278968566e-01
1.807369975537684859e-01
-1.314763540767411865e-01
6.481803382017226056e-01
9.042888127622028538e-01
8.696372711092594798e-01
-1.389227029581756589e-01
2.489019776184611121e-01
-1.595431948031067471e-02
8.371641296507938979e-01
-7.332387030318212595e-01
3.999649911754321607e-02
-6.918129960746095541e-01
8.929767651666140615e-01
-1.430459480641130821e-01
4.046428846723182371e-01
2.111549929292400041e-01
-6.605807005405599508e-01
2.195419779226548407e-01
-8.815674999530305200e-01
-7.109947385621704363e-01
-4.833966347973330802e-01
-5.342096690809647885e-01
-2.765198523928158458e-02
-8.552285475752965382e-01
-8.792392593855489213e-01
3.127247073373362607e-01
3.216131533632407002e-01
-4.116994802208124860e-01
-3.659709619733941821e-01
6.070267849883017597e-01
-9.046802945843879229e-02
-1.296435368690673773e-01
6.400421756183916067e-01
-7.785313737629273589e-01
-6.836548666172646005e-01
-8.170806034417998909e-01
4.179509407691299749e-01
6.792609214882732172e-01
8.035843463028260469e-01
8.075288472876063217e-01
8.408986067055927993e-01
1.178729610872697453e-01
-1.224190452660713913e-01
-7.590710777432605472e-01
-5.229225471786729251e-01
-4.232074176057116777e-01
1.928685810749874996e-01
2.528185738022186158e-01
-1.143328505008687213e-01
-6.043064469498440339e-01
-8.903650835308942746e-01
-8.353595498630572713e-02
5.750803527448888897e-01
6.913249144386046652e-01
-5.195626737403338247e-01
-6.131273543980655383e-01
-5.064971648135321303e-01
-1.436215771906095284e-01
8.710184780030811869e-01
-4.986471863025196960e-01
-2.549885641436917538e-01
7.657106161350424323e-02
-8.278980805263731479e-01
-2.858486105579483016e-01
4.349188557113896625e-01
-4.543000951298019618e-01
-1.618495103125394685e-02
7.021996466013928906e-01
-2.444115549211218763e-01
-6.641710907457365476e-01
9.254211077082277193e-01
-8.514915427763880551e-01
3.448150298221424048e-01
-9.855215237054497646e-01
-7.880240783487901801e-02
1.579599224777274991e-01
2.326723847521121602e-01
-2.197852502531432162e-01
-2.943946242670900659e-01
-7.201151172916877563e-01
7.211882614121414292e-01
7.044325576091334806e-01
-6.044879942102909798e-01
-5.538634471811343385e-01
-8.892347709912227227e-01
-2.773634816256826952e-01
5.820359771457805920e-02
9.487448323281639784e-01
9.584236360155309331e-01
-6.611045074532351240e-01
8.891182105233770283e-01
5.454950490914711736e-02
-8.668129197995162460e-01
-7.942996874200984880e-01
-2.624548025642612359e-01
-3.391494394732703643e-01
1.865327226239206215e-01
-7.035401712821698350e-01
-3.225499233708319924e-01
-8.781966490242432144e-03
5.334978757908548364e-01
5.580497531723840332e-01
-4.814640421670615122e-01
-5.891372950605240355e-01
-9.611815962590495310e-01
5.938566190209733087e-01
6.384342571773649055e-02
7.263025043797586289e-01
-3.290497674955354945e-01
8.346264767634825610e-02
7.507898109207493675e-01
3.184428814559028265e-01
-3.243235856737587408e-01
3.678960035806100315e-02
-8.890640950546364607e-01
8.450042910057220524e-02
3.683112213330748119e-01
8.699558389530746005e-01
-9.457762120811579187e-01
8.270393202947305955e-01
-6.869503644060617198e-01
-7.852693563538799548e-01
-7.435257136335589045e-01
6.656122933539119213e-01
5.836012455861478987e-01
4.920648993161083062e-01
-9.944658562484394171e-01
-9.564804896914731458e-01
-5.362781510756715608e-01
-9.815597302535339352e-03
5.602795210928162017e-01
1.000797147469980608e-01
1.012098689454865585e-01
-3.301044313565892896e-01
-8.395191308686400511e-02
-9.023772158773546437e-01
5.068564445181067413e-01
2.087050772496481521e-01
-1.613637446769353723e-01
-6.035875591922037486e-01
6.668617584886529226e-01
-5.798374536567618698e-02
-5.156973968491307403e-02
