-7.921905102894362116e-01
-6.895320689666952774e-01
-9.322874470007302961e-01
4.584519899010111033e-01
-8.922723754509753746e-04
-5.944419883189517861e-01
-8.412836850791953758e-01
-4.398171779408983628e-01
-7.614108925637035341e-01
1.918295398407143804e-01
-4.095414179188132664e-01
-4.583548318525827447e-01
6.884787657587179144e-01
8.399616568745711387e-01
5.295811589050816170e-01
4.037122145969036513e-01
8.700049582491380384e-01
-2.053617963886897879e-01
-5.125810821626413105e-01
-9.579078649203360829e-01
-8.928655271219128053e-01
7.761067102829692921e-01
4.677317689591704575e-01
-4.223166062151633149e-01
-2.268699466193724312e-01
-2.601384428747286481e-01
2.679285465604324123e-01
9.559343174992052106e-01
-4.071682546666537394e-01
7.058767058514869852e-01
6.743309101617986911e-01
3.304763428207384557e-01
2.523941816168429053e-01
-5.841485683784632954e-01
-6.853008175114969625e-01
-3.192001362821754729e-01
9.241580774108288932e-01
7.218817403443049674e-01
-5.506465456904745537e-01
8.336339352987425233e-01
-3.949960488719606033e-01
-2.316340920094051015e-01
8.224476128737512326e-02
-9.360796906921280414e-01
5.250001290017176636e-01
2.310640158903694008e-01
-2.803108568135821432e-01
-6.236336053497195664e-01
-7.975795202180970822e-01
-6.496481836939429488e-01
-7.905758969638829736e-01
-4.835584392732845682e-01
-8.827320580120854299e-01
-6.138667947436804440e-02
9.367455619844355930e-02
-8.957570968361769914e-01
3.904502434433789748e-01
-9.937703293185842224e-01
7.295546945941699946e-03
-2.427105333415342514e-01
-9.237089585460924734e-01
-9.829805530912394396e-02
-2.808920530074090482e-01
-8.711617368736475076e-01
4.144775429584930393e-01
-3.979322461173082637e-01
-1.525848561140541459e-01
5.298378040565938640e-01
5.708772899800425016e-01
-2.609437892946842030e-01
-7.029151409536038564e-02
-5.495686327825284323e-01
-2.216667565707139964e-01
-6.358251475477905146e-02
-9.995388161712803754e-01
-4.477836536581514260e-02
-3.112350229377425226e-01
-4.109055830807553100e-01
-6.078912586503719684e-01
4.259934121010426900e-01
1.345855779972549016e-01
6.242492501126934989e-01
-7.885598322127569393e-01
-1.317224336039972687e-01
1.672045642216537509e-01
-4.566667627916458638e-01
-8.082647691634337050e-01
6.334627950822286913e-01
-8.936421359264519193e-01
2.834085807603075047e-01
-3.689320501369048877e-01
6.786649974949980901e-01
-8.304254362588505689e-01
8.671182064301106163e-01
-4.667764859689129686e-01
-8.422298633512736998e-02
-1.148638167907007901e-01
-1.968777854722469911e-02
-9.080975556216814848e-01
-2.398751136591936728e-01
7.876281490088508086e-01
-6.755788514293308289e-01
-7.521525268518498564e-01
-2.198429707780062969e-01
3.527185486515569401e-01
3.064258686090555184e-01
2.752653141374137302e-01
-2.081335447260350691e-01
-8.506419907262552371e-01
-4.213675744333165163e-01
8.896926770929838302e-01
4.123231306600816382e-01
-1.000000000000000000e+00
-3.780234849338048875e-01
3.975538599518670946e-01
7.576252770745606213e-01
-2.299071693760863511e-01
1.000000000000000000e+00
7.079003028764563332e-01
8.734415256216598866e-01
7.757368432072790920e-01
-1.000000000000000000e+00
1.000000000000000000e+00
-1.583439311006784589e-01
4.424584468533789283e-01
-1.000000000000000000e+00
-9.087360463523030951e-01
-8.361993342907272364e-01
-1.178883690430487796e-01
-7.663537719098871825e-01
2.674535348945239477e-02
-4.121249125372690170e-01
1.446696916575958003e-01
-6.137305610707106673e-01
2.144485346764759548e-01
-7.558221097760757790e-01
1.311326804028012383e-02
-2.708878168983590573e-01
5.046361236666783157e-01
9.093685727046874057e-02
-4.171344331440003383e-01
5.150353367552984452e-02
9.506201628782167123e-01
-4.906976810887131446e-01
8.734177838958083750e-01
-1.012072940085078088e-01
-2.250078705000206902e-01
-6.840392555684007281e-01
-5.101512486018162651e-01
-4.086882386056769345e-01
4.126938397438562056e-02
-7.905099618569337849e-01
-1.819743660940162933e-01
7.605872551758239286e-01
7.876017269094983675e-01
-7.584804986240962776e-01
-2.950170090375405785e-01
-4.008351606269675571e-01
-2.712258715221287364e-01
1.328317434962245080e-02
4.082780299980568461e-01
-4.623437697073673469e-01
7.086123864073725631e-01
-8.727344018670712966e-01
-5.300835645047567990e-01
-2.631482882476690044e-01
5.232842521246163781e-01
2.167407116239188358e-01
-9.794640445029993980e-01
-2.380463296212795843e-01
-2.262417678489148098e-01
2.519829368713177864e-01
-1.826881756063689632e-01
-2.516341916999311756e-01
1.923910488065121438e-01
-2.532831315632844138e-01
-7.853232707199857554e-01
1.348169690852507596e-01
6.063151265713102589e-01
-3.626529167724388270e-01
8.966621807835042368e-01
-2.287607113488459021e-01
-9.199527901876212166e-01
4.511034986770132704e-01
-2.072033120325045275e-01
-4.507352748422306377e-01
1.593239879539078974e-01
-3.475319173479918256e-01
-9.388458119671039270e-02
9.205031488279389329e-01
-1.529480798551454690e-01
4.030407421027537573e-01
-4.456771344425927150e-01
3.840352806459024215e-01
4.953746623241661595e-03
7.798150847152622855e-01
4.373406898475515892e-01
5.425861817593389258e-01
-5.120198192922280622e-01
-4.351515638456211477e-01
-7.910414366187623614e-01
1.660363826307722501e-01
8.819020375183881377e-01
3.473929161095294926e-01
1.876376343436774174e-01
3.439777489042363801e-01
1.783831688749115685e-02
-1.868269637521891013e-02
-4.025282378812677919e-01
-9.332385668889597863e-01
-5.964954836858922249e-01
-3.955001912226507876e-02
4.014252843469772181e-01
-1.116448451394222996e-01
-9.459939240549639639e-01
-1.662087111044430188e-02
5.824500169751281042e-01
-4.759876175748269933e-01
-6.477093002995859550e-02
4.321614575107286527e-01
-1.695376364848164563e-01
1.857285646482949026e-01
-4.825632345354666786e-01
8.590262284638832124e-01
8.738138050849291183e-01
1.398288653132859771e-01
-2.917807016814151222e-01
-6.699682984321684298e-01
2.498108840142223563e-01
1.135780298295401280e-01
6.781430551028999609e-02
-4.934921996297334523e-01
-3.103314977399209695e-01
-9.261893823610698462e-01
6.510562553402476915e-02
-3.217924514951830961e-01
-1.952097756135253714e-01
-2.446617812364084710e-01
7.191907569956281776e-01
6.524301300494821376e-01
-1.129012823906621055e-01
-8.175419089153888041e-01
-1.057010090935510682e-01
2.421543071182710172e-01
8.556117447716420354e-01
4.743496459306573154e-01
1.238993789459943429e-01
8.499586494542237247e-01
8.667891435322299110e-01
7.008531688845076602e-02
-7.734085912317749667e-01
-5.331014235560278536e-01
3.420011970304044358e-01
-2.633562222021414989e-01
8.289119885022768752e-01
7.011345760972180763e-01
-4.088314360891451837e-01
-2.684127322177261021e-01
-2.837578787899086574e-01
4.026611139079518953e-01
4.092969119596390204e-01
2.009729600656577908e-01
3.062160251846322012e-01
5.077803243291132418e-01
-9.164149397658942764e-01
