-3.560085687009724165e-01
5.820790064473311265e-01
-4.232771574242311097e-01
-2.738179630269406140e-01
-4.496195219817717970e-01
6.571561974411548324e-01
3.914920986028775918e-01
-8.479803097520921540e-01
5.719037512505404930e-01
-7.695285105679812165e-01
-8.422136372175246244e-01
9.213392431671547644e-01
1.409282108393095090e-01
6.104478833946813676e-01
2.043653902514810383e-01
-9.050871567940588225e-01
-2.303753462333570923e-01
-3.346283423593034989e-01
-1.283280860376048160e-01
-6.052305441544310050e-01
4.658900584790144350e-01
9.272377744881419304e-01
-8.894142930048207774e-01
4.158177114673462516e-01
-3.617622460894776015e-01
7.182292537347940709e-01
9.688226455525859038e-01
-6.928690475120240500e-01
-6.182685084271177800e-01
-6.466371068557901225e-01
-5.679595272128692418e-01
2.391169314713816885e-01
-8.118432188999644694e-01
-5.783873552430340848e-01
-8.121928214813907143e-01
-9.371426804572362546e-01
2.790050762798643724e-01
-1.000000000000000000e+00
-5.207386930145507797e-02
-3.451590842739371556e-01
4.054402145273203750e-01
-8.138462324681046134e-01
-7.603851483989565452e-02
-3.996451438709833770e-01
9.850101352774280894e-01
1.854936133534592635e-01
5.904019059227363364e-01
-3.350786186956362656e-01
4.109581853655988049e-01
-7.091404889144451440e-01
3.297114261341067554e-01
8.067762510162563849e-01
-8.177554031842930726e-01
-2.110337905035439832e-01
1.910113046148129712e-01
3.294993351985662233e-01
4.996419587035847432e-01
8.215013605759644566e-01
-3.106376107712554013e-01
-6.442357227327737412e-01
-8.407904918641465608e-01
8.146094694435725980e-01
9.015460522095131157e-01
-8.814744540651937577e-01
-8.285928991128701515e-01
-7.346896944272831576e-01
-2.035885433425652646e-01
8.262607826371908271e-01
3.211273111442620731e-01
-7.616628490901817816e-01
5.511927976493131709e-01
-7.832164988259275873e-01
-7.752174630281971623e-02
2.922141508943514321e-01
4.250511412663897648e-01
3.758782076356224078e-01
-3.432371538724696691e-01
-9.054203651953123266e-01
5.641080697145488543e-01
7.776189516969300719e-02
5.841782168716989077e-01
-5.406541974647327553e-01
6.691171414761525327e-01
4.705576143608827255e-01
1.445461261294000987e-01
3.283572631807567532e-01
3.940919874889163843e-01
2.448444242683911476e-01
3.420583043596521211e-01
1.677496178626869394e-02
7.901072265429240904e-01
8.840350876756586374e-02
-7.560869263059264433e-01
-5.849542362222823755e-01
2.288846753785227506e-01
-2.648221804963442061e-01
-1.526909818841784006e-01
-1.537084296053128352e-01
6.715935173899663102e-01
-6.131278903666761426e-01
-2.251117911035946939e-01
-1.599783550974867019e-01
-4.898490089970677364e-01
9.766823938498931934e-01
-2.501236455139688175e-02
4.854040266222034994e-01
-9.452432990347112707e-01
5.478228025092597431e-01
-5.636721205682631020e-01
-7.076344607169802181e-01
-7.819085273569141847e-01
2.090084304232522339e-01
6.276376407190455975e-01
-2.444055227944224029e-01
5.552784525746214950e-01
-6.735457692992061762e-01
4.005726246423302328e-02
-6.549894684264041533e-01
5.264614167858936433e-01
-4.033554179979355059e-01
7.610169521652256908e-01
2.025693684940699235e-02
-5.914526075833768104e-01
-6.088806773172179554e-01
1.619344104649595995e-01
3.614783405779571357e-01
7.712913518848620864e-01
2.928424624867691506e-01
8.824174601631202819e-01
-1.037085483676869480e-02
4.227189957555443911e-02
-4.981683363523443653e-01
5.598896736128160523e-01
-6.713367780499031046e-01
-2.750802581293598781e-01
-2.355603510943142798e-01
-1.240853425963872603e-01
-1.158304870876365467e-01
5.525247202904921551e-01
3.381880073138030518e-01
-9.013989812470482033e-01
-6.940911352730538830e-01
-7.932090206509663233e-01
3.587119455303802162e-01
7.833415951537248123e-03
-9.581279510949307632e-01
7.435254563541600081e-01
1.493529089887750683e-01
3.266441121675152104e-01
4.593157231395652573e-01
-4.995080404175982203e-01
4.784116076468165613e-01
1.468330107175730426e-01
-9.775767582776885289e-01
2.115466020650711432e-01
-6.317160479260233164e-01
1.741182338054934053e-01
8.038461842293151971e-01
-6.536897863025747935e-01
9.636002801266176920e-01
2.960102314614070362e-01
2.090302380952648864e-01
6.540283942825151353e-01
-9.936853980808568743e-03
8.760177469913021930e-02
-9.257977484281918468e-01
-5.896520150994206677e-01
2.514123085388353385e-01
-5.767971266007136943e-01
-6.926380516076635629e-03
5.147520578795983237e-02
-9.423420249588907449e-01
-3.195001389801417346e-01
-5.854657076275802119e-01
1.923402311587070201e-01
-6.172649029204041460e-02
-5.043510975334131174e-02
9.984817662760905321e-01
1.315697224705298929e-01
7.160061389502254681e-01
5.804912034954321509e-01
-9.882361709566465091e-01
6.863531138967298162e-01
-8.021895672596444093e-01
3.888572154109175560e-01
-3.213362869014033674e-01
8.400468630311963558e-02
5.052064026834712784e-01
-1.000000000000000000e+00
-7.500284349773698178e-01
-2.194551071084120952e-01
4.910090218651257388e-01
9.187018936155344484e-02
-8.004591932410922706e-01
-9.689534525370147033e-01
-7.746732111820058275e-01
-4.814958858888005455e-01
5.419910514305124050e-01
-2.768951285828118447e-01
7.849887289130668133e-01
-7.788523787935823783e-01
2.401250176862561592e-01
2.458421271495030425e-01
7.614894475721518674e-01
-8.961419639875003451e-01
-8.691238251424409089e-01
2.401159393008625020e-01
4.677279777097984592e-01
-9.488594728079258189e-02
6.566374451732295281e-01
-4.918548734200069994e-01
-9.539925189376321502e-01
5.327947836833690776e-01
2.641644781164691480e-01
-8.713457130625328340e-01
6.397699008915573859e-01
6.992231255507075360e-02
3.016984068256214346e-01
6.119476300652912926e-01
1.825930586646498099e-01
-4.170451024666350648e-01
4.637291048558449535e-01
7.717963841070472064e-01
6.336157090508944822e-01
7.055205373157915627e-01
1.000000000000000000e+00
-6.676076208129169132e-01
-1.500730831451746461e-02
5.632536377855874576e-01
-4.896122706822796378e-01
2.031120468480773766e-01
5.073398653362009014e-01
-1.000000000000000000e+00
-5.167420582745769764e-01
-5.876891501526051442e-01
-9.423194686664062569e-01
1.261654522064477035e-01
-6.270673857927300254e-01
1.171974202697219081e-01
-9.372599829627386026e-01
-5.411697717064658519e-01
7.587645540665644006e-02
9.983596373952663416e-01
-5.685764332805756105e-01
6.333857570328786935e-01
5.053798713911452634e-01
-7.861555612064594634e-01
6.484213839307332305e-01
-5.018377901332706781e-01
4.414354780553897406e-02
1.440644403087978365e-01
-3.000268961370475829e-01
7.693302760206970348e-01
4.312410637572825500e-01
1.000000000000000000e+00
-8.219566235763640094e-01
-7.041521571186861728e-01
7.497660075851757533e-01
9.295818727000737525e-02
6.306522062153847863e-02
1.900800144757697208e-01
-7.434323018932794680e-01
-5.629493574672905787e-02
-1.531920055620332732e-01
-7.589007643646621393e-01
