-7.556663396424303514e-01
-4.126323619624792105e-01
7.154822506383593517e-01
3.193448036757307040e-01
2.950215946618368612e-01
-8.840916447501701025e-01
-5.572970944308199837e-01
7.701760548943947793e-01
-9.033386338322395570e-01
-7.558787563749451710e-01
3.548206150780985890e-01
7.789479987601422017e-01
2.330196685199463769e-01
-8.597716278029936543e-01
-1.769390058910664809e-01
-6.012123343584385715e-01
-4.379942325038912454e-01
4.469432591780992947e-01
-6.821536298331458692e-01
1.485671537760491212e-02
-4.095333713923603458e-01
3.007331493964566782e-01
-1.044776333921205169e-01
-3.912063492864685799e-01
-6.228445099777344396e-01
1.000000000000000000e+00
-5.347704875590801876e-01
-3.813568677935570417e-01
9.662278529400203375e-02
-3.363917016077504485e-01
1.000000000000000000e+00
-9.251758411240613711e-01
-2.018609645352267279e-01
-5.687875169217788685e-01
-6.288081125051236953e-01
4.905593010247809027e-01
-4.831996199813224369e-01
7.555549828175551763e-01
5.526757364112331317e-01
4.304202599998492307e-01
-8.146714435727184789e-01
8.571331098510803770e-01
6.333623097788891876e-01
1.000000000000000000e+00
-6.360543861908518615e-02
-4.572660141046469562e-01
6.391526733671843985e-01
2.609128725925062842e-01
-9.225083058063681118e-01
2.729013078511048906e-01
-9.602741771038880714e-01
-9.665976635806714512e-01
-8.732712061091034705e-01
3.688979946244457242e-01
5.881563197891352957e-01
3.668145298452210046e-01
2.411712160199321886e-01
7.839473688099022342e-01
8.874505972707860124e-01
9.357924221794757802e-01
5.397656761075022569e-01
6.184685578310133991e-02
3.295047300018574266e-01
2.890306743588293426e-01
-5.020643247414615651e-01
-2.838392613485700711e-01
-9.397590072839512310e-02
3.232625854089472561e-01
8.302527145988882751e-01
-7.639996392981029949e-02
-7.309781914317550200e-01
-4.523795402173291791e-02
-9.174531325748480626e-01
-4.057079993509238314e-02
2.624445682361813414e-01
3.259490368338902044e-02
-2.676504802417705164e-01
5.074824925183298863e-01
-8.317379169523175797e-01
-8.351638817943722870e-01
-1.464349535969156069e-01
-9.902399627844031826e-01
8.538180494956493227e-02
8.271787275269437689e-01
9.800491317085706644e-01
-5.792028026679170161e-01
-4.170741571584467566e-01
1.000000000000000000e+00
8.309388177927847785e-01
-6.295134980335435060e-01
9.943284336805815471e-01
-2.711753046190175098e-01
-9.217156757825279989e-01
-6.428898897647905564e-01
5.311004814249296047e-01
3.216121569285248505e-01
-1.000000000000000000e+00
7.997643613668830032e-01
-4.484434911812353874e-01
-2.450470720139974468e-01
-1.892633542004937830e-01
-3.895864735412783997e-01
7.848341590092060560e-01
-1.000000000000000000e+00
-3.499746690820939587e-01
-1.997333347925178693e-01
1.000000000000000000e+00
3.805904340995984736e-01
-2.511257405321649649e-01
-5.341176188581100437e-01
2.661416788558070845e-01
4.722800147435830542e-01
-1.003567989809339700e-01
4.641894598302582775e-01
4.477997274218208368e-01
3.737680178067723791e-01
-3.997196494907802045e-01
-2.441251961556647476e-01
6.118424166892100224e-01
-1.254471897242843692e-01
5.949792082319711461e-01
7.290981727584602279e-01
1.000000000000000000e+00
-5.344308795016918801e-01
7.511565502704082853e-01
3.312183458099879352e-01
1.045822530792037686e-01
2.579368709707690055e-01
-4.978168028601914763e-02
9.614254930983234804e-01
-2.745127149643857845e-01
1.320084146430282601e-01
7.619147845122844487e-01
4.547877871789163251e-01
1.734152439458417350e-01
2.952861769480750187e-01
7.815424969176845149e-01
-6.432006832071033298e-01
5.602361417229966278e-01
-5.723373168974048575e-01
-2.959963518249415504e-01
3.490967156204487498e-01
-4.297158419515094696e-01
-6.395218334501606705e-02
-5.173926915690023609e-01
4.212065880348095370e-01
-2.905199523554087282e-01
-8.422250954424395086e-01
8.880057687634496100e-02
5.159870777955302135e-01
5.070942745754418723e-01
-7.539402808373083520e-01
2.033261557445944501e-01
2.095158247362995940e-01
-8.474875449173078223e-01
5.477308723744920282e-01
-5.674113108450717924e-01
6.411085484412633040e-01
8.733123054881941627e-03
-6.402414093724628774e-01
9.449394732103399974e-01
-8.796515803694839875e-01
9.907331443565015050e-01
7.547587666175064047e-01
-5.076680944909996995e-01
-1.000000000000000000e+00
6.768243674751558969e-02
5.084757226978109390e-01
-7.465573196382980781e-01
-3.747663551750153310e-01
3.979163033109949232e-01
4.122716500378265092e-01
4.244449445417275424e-01
1.849817443052921284e-01
3.256463389191832647e-04
9.140478930877908859e-01
-5.920027468670927551e-01
2.928110140262747407e-01
1.475055184292251020e-01
9.618163981300902332e-01
-2.249820842804117760e-01
6.515964340831104096e-02
-1.264605972185224303e-01
8.013386377907054658e-01
3.490477667171243414e-01
7.333585874432484442e-01
-1.680130116527314144e-01
2.798667087758734962e-01
-3.301764397110267257e-01
4.722889815358830568e-01
8.636811206075751812e-01
7.841201868686376031e-02
1.799605528912586738e-01
-8.273417031757963613e-01
2.913285323743939337e-01
4.058336508064075421e-01
-4.045342151903641437e-02
1.383991296904428792e-01
-8.991377152733579514e-01
1.057629900977498094e-01
1.897999128039853378e-01
-8.447257207293179526e-02
5.687584071526197160e-01
9.899359094085997679e-01
6.187180552739546258e-02
-3.693975743719248861e-01
3.942239121556281312e-01
-7.250651194798174437e-02
-6.099542168890061955e-01
-1.000000000000000000e+00
-3.074768699890688683e-01
6.830599778574453218e-02
4.770135997805149408e-01
1.548197276865053151e-01
-7.786494552503908650e-01
7.796891213057510761e-02
-4.193857437437942259e-01
4.629737513318012421e-01
2.410612105028040464e-01
4.691378001931358899e-01
4.858878536929129854e-01
-4.507475820687927293e-01
-2.685109302634556272e-01
3.520578291997440434e-01
-4.886124751417386669e-01
-8.821235582079647308e-01
3.557905514463747809e-01
8.109566451071021920e-01
-2.400894800821551378e-01
1.983331710438627216e-01
-8.115288250031109651e-01
-2.787994104939506279e-02
4.977485126360079448e-01
-5.334144437563932417e-01
9.153822326763620953e-01
1.985177569910434592e-01
-1.000000000000000000e+00
6.233380153702665627e-01
1.449655655772512652e-01
1.444555127720049958e-02
-9.637830835927001516e-01
-5.968995044612137590e-01
-2.599562289619850031e-01
8.610258087080935319e-01
2.998437975972612080e-01
6.696044794519615539e-01
-6.561558621672186620e-02
6.829359811841138050e-01
-1.014083877715377113e-01
-7.487068958802747254e-01
-6.830624786941195126e-01
2.179958347761521420e-01
8.090793780329827989e-01
-3.939661065853743427e-01
-1.000000000000000000e+00
4.581324110456512777e-01
-8.522711907420998934e-02
6.381401447737917731e-01
9.556888534715233252e-01
3.303177711063547406e-01
8.354374094866490186e-01
8.373310013956933862e-01
-7.563651688205872414e-01
6.068420263267098047e-01
8.050581658262867535e-01
