-3.033811407131059568e-01
-7.396363171987030416e-01
6.578795671662744926e-01
-4.124736180282158049e-01
-4.410755519800888536e-01
4.606423863426762910e-01
-5.278526042693671982e-01
5.133357731066932050e-01
-8.990342275884906087e-01
4.376524723181902665e-01
-7.818617054218517382e-01
2.657241694591050418e-01
-9.032040251160489142e-02
-4.794263171421826453e-01
-4.396922354593943982e-01
-5.928217374089819192e-01
1.959159633196410066e-01
3.699246924190469077e-01
2.120841994143596310e-01
-9.441415355557445377e-01
-8.105885495933409235e-01
4.483108965812263591e-01
7.277026622463744765e-02
-1.775275707037760053e-01
1.000000000000000000e+00
9.253529308668897446e-01
-2.560270232681054470e-01
-9.887367297336333571e-01
7.187326161346478948e-01
-9.065847478352269118e-01
8.346191379306322489e-02
4.214469642132288030e-01
-2.732941370145696158e-01
9.314857428139735607e-01
6.525065385497845760e-01
-1.000000000000000000e+00
1.625528102589604007e-01
-5.806208038501647906e-01
3.599603505599526798e-01
7.849316677486994909e-01
1.276223518477148655e-01
4.636878189163964326e-01
6.270978173578858339e-01
-3.570277523077248216e-01
7.253346532349904674e-01
6.183998977810197806e-01
7.068002403831170621e-01
-3.770297892366356041e-01
-7.978742894459216473e-01
-3.510514390735526291e-01
-2.364604409831623233e-01
-3.207756137729409485e-01
9.422625019238635158e-01
7.261198771030277221e-01
5.526618570135541919e-01
-6.693459861830062252e-01
2.565034451482776645e-01
-1.279898831977026585e-01
-1.723934225445020729e-01
-5.557434850048192931e-01
-1.000000000000000000e+00
4.550670171488726545e-01
1.641366326454739566e-01
-3.139859897999437433e-01
1.123100984715816875e-01
9.506842779068926941e-01
-3.153505978983839886e-01
-1.000000000000000000e+00
-3.522530330000537280e-01
-3.905594385702966242e-01
-7.984323360885994258e-01
6.168256384463126629e-01
4.655489226368150213e-01
5.471087966460639329e-01
-5.443334309809622074e-01
-5.933456616354511048e-01
-6.849338327151868189e-01
-6.918135529822344587e-01
-1.000000000000000000e+00
9.603057557311414083e-01
8.975052529618454678e-01
4.492149644944063436e-01
1.784054711093390200e-01
1.000000000000000000e+00
8.575778101802322695e-01
2.458748298024888701e-01
9.333518759234160633e-01
-7.554334781920468700e-01
2.414201280640981828e-02
-8.590885161676431458e-01
-4.236896726561155124e-01
-7.733560439259898889e-01
5.783539522661738097e-01
-9.718317109560472566e-01
-7.267751602817538181e-01
3.781202253689031068e-01
2.191409626309670511e-01
1.259086367571393694e-01
8.517536255976414505e-01
-1.000000000000000000e+00
-1.101321500325973535e-01
9.717048833460422141e-01
-5.979134711102820354e-01
5.484039780287000010e-01
9.627974018468488104e-01
-6.894093288809814979e-01
1.000000000000000000e+00
-4.978461401577494172e-02
4.009842819530029523e-02
4.686646794077364842e-01
-3.986072234357884714e-01
-3.584534596693638164e-01
7.399287933951002039e-01
-4.687359524524768450e-01
2.420260673078098446e-01
-4.443225656938064594e-01
-1.388293614487203786e-01
-1.000000000000000000e+00
3.802393828277830234e-01
3.356865263646242603e-01
-3.631381283571371021e-01
3.122032553395526211e-01
7.435586475347690794e-01
-3.065155151888063756e-01
-2.799423018586957301e-01
1.821606033675551295e-01
-1.000000000000000000e+00
1.000000000000000000e+00
-5.938419817565336878e-01
-7.697159777714286388e-01
-2.151284699533760891e-01
-1.000000000000000000e+00
-5.562164082860876491e-02
-7.455973383906224772e-01
4.498305435263476593e-01
6.687170889015470188e-02
-8.331722935253076390e-01
-5.488871019074814672e-01
-5.253960940116523259e-01
5.919234625730684929e-01
4.082466766786658763e-01
2.618118876647630433e-01
-6.014212792479107783e-01
1.477476632810141854e-01
1.958356122175257674e-01
9.944204646583032492e-02
-5.337514919679489100e-01
-4.599432862655978838e-01
1.000000000000000000e+00
6.136311320118275070e-01
-6.030308251429468136e-01
5.859144580174584505e-01
1.005445059731764346e-01
-8.949338040853491716e-01
5.072705507076062936e-01
-6.072027750964084092e-01
-6.120996991069842519e-01
-2.149766236459493829e-01
-3.479453515558854626e-01
-2.441378285126103442e-01
-7.330690936677410896e-01
-8.862516113771741200e-01
-6.785969504781308448e-01
-6.046378789926167840e-01
-4.827998004841624891e-01
-8.732430106354440724e-01
-1.000000000000000000e+00
3.431012210406869656e-03
-5.523494622382043584e-01
-3.662563391395918799e-01
-2.913639130003080613e-01
9.060521328307489242e-01
-8.520046480974778902e-01
-9.885294116170382228e-01
5.462945864887687186e-01
4.415285361773708672e-01
7.487830078634161168e-02
9.748957116495804431e-01
6.665157884948491596e-01
4.110481992423098418e-01
1.000000000000000000e+00
1.896114247412721276e-01
-3.979348480790720899e-01
-5.166779316760503615e-01
-8.651979355699961349e-01
5.604583740906612377e-01
-7.958649713678873638e-01
-3.466198076947357709e-01
-1.655435815646622011e-01
-4.636861338463338367e-01
-7.190878835851783890e-01
5.571384223778075295e-01
8.423551979707100124e-01
2.058469897171182339e-01
-6.636159859017085605e-01
-3.504464067161452423e-01
-3.850202253046364209e-01
4.544160981930398524e-01
-3.271162091882706680e-01
6.083154219968587295e-01
5.803470850497882694e-01
1.000000000000000000e+00
-4.383435746330222038e-01
-1.976547779747451772e-01
-2.155143993274226677e-01
3.241938205546226470e-01
-9.916722010222744910e-01
7.753587630706282319e-02
9.542786032230345938e-01
3.573076839758617673e-01
6.744044488309515195e-01
-9.710731730499677639e-01
9.560367129245657125e-01
-2.048810448093676406e-01
4.445254345311790978e-01
-3.644872781647505722e-01
1.179053535128413710e-01
7.634621822629512611e-01
-9.210489069857372701e-01
-9.635527575532027988e-01
-8.031222556298103221e-01
-1.959263688657228997e-01
2.957405338728713584e-01
7.526028523810526227e-01
-4.445327955367242012e-01
-7.189710302179979085e-01
5.602310218426145294e-01
-1.000000000000000000e+00
5.710430440820426501e-01
-1.194176990612425548e-01
-9.290606442156321698e-01
4.782692640347667723e-01
1.175470663454099562e-01
8.252433218955335104e-01
4.218742585017409841e-01
2.190263218432562109e-01
-6.674959893021155111e-01
4.822072879266809942e-01
7.401540417203331668e-01
4.966069954397225317e-01
-2.069040638028991630e-01
9.908931853403746270e-01
7.609056081612639577e-01
6.858682020498352294e-02
-5.299222768184743693e-01
6.385565685022871474e-01
6.831551925318571916e-01
9.454513099097190398e-01
8.880248772017524939e-01
-3.937246009580721573e-01
-9.567580799916308720e-02
1.331718683054561314e-01
-1.647378804521220097e-01
4.842583474359878348e-01
6.893371592977155515e-01
8.941586357244990513e-01
-5.677688577092225852e-01
6.348464742360804269e-01
6.644744059706375605e-01
2.884003620014172764e-01
-8.896503226462759706e-01
-9.261788117082316862e-01
1.582463532672360174e-01
-4.181709181243942197e-02
-5.105717038750055004e-01
