-4.571556727409764598e-01
-7.540810721387658511e-01
6.042304384978107734e-01
-8.619131854626829181e-01
-8.830664867674826723e-01
5.558760628929420022e-01
9.789368573232957171e-01
9.849351607494720717e-01
-3.875646714298328632e-01
-2.274864860330487737e-01
-7.843780039132128845e-01
-6.131012215612099414e-01
5.601623303774765361e-01
5.840690491254099115e-01
1.865212629734256389e-01
-7.459069442945087669e-01
-4.588772044978584042e-01
-8.812221872868548633e-01
-3.773295153412470349e-02
4.202996711685818010e-01
-9.721550701454568788e-01
-9.595131505669789451e-01
-5.018922518538764255e-01
8.363708433520646857e-01
-1.777277436990987169e-02
7.641870834001520674e-01
-8.464796351029864052e-01
3.132019906472860438e-01
7.118511123356581205e-01
-2.678619574768705824e-01
-4.185949851457739790e-01
7.691794885368723467e-01
1.045560301631265343e-01
6.195995915192822334e-01
4.175870421197622750e-01
1.306751239482006888e-01
7.760959064626136161e-01
6.294675052354228306e-01
-3.981917680237989643e-01
3.528612869495852955e-01
7.131447924964620100e-01
-2.003334202990691981e-01
-8.089109749343481592e-01
1.414057044547443187e-01
1.000000000000000000e+00
-2.757832281590248957e-01
-2.402607710620001669e-01
-2.543419477453610078e-01
7.160807554429258204e-01
-1.382037213360785000e-01
-3.315717209356350281e-02
-4.477772384853044851e-01
-2.903895678564378802e-01
1.004439824718519336e-01
-7.568368805946776856e-01
3.728014501035326056e-01
-9.322400871735716521e-01
-5.000425887972101968e-01
9.677933479969014208e-01
-1.533572690233020452e-01
1.909625149116034315e-01
2.364601044950751518e-01
-6.735430713436030281e-01
8.510862881974221583e-01
3.462407952880297568e-01
6.970807271140511130e-01
-4.625094759887984353e-01
-5.190690797012142976e-01
-4.912215964466835061e-01
-7.035162510473902397e-01
-6.016825636141562850e-01
4.209924418211574704e-02
4.227792229173399363e-02
-3.469776262779444842e-01
-5.665106285455794310e-01
8.031972277684515937e-01
-5.227079726254943992e-01
-6.579133184735301842e-01
4.282462306960621579e-01
3.218064031165002170e-01
-5.948849753378027128e-01
2.138218833403611185e-01
-7.444436618083500878e-01
-7.976790981631596278e-01
4.344059061950893419e-01
8.655639058948512155e-01
-2.663204604089199901e-01
-9.450875601265045223e-01
-7.621983232722184809e-01
7.207651489403565925e-02
-8.426780964011459929e-01
8.732139988076228487e-01
-2.192770863934330183e-01
1.631732198838298231e-02
-8.319076266587923651e-01
5.500910181070273186e-01
9.007797222161497697e-01
8.055231737036754325e-01
-5.683429218281046413e-01
-3.991195969748797534e-01
9.404581820237223333e-02
-9.868200903189596751e-01
9.868640318849668525e-01
-3.748941434241561677e-01
-9.594684490277147759e-01
-6.866568295240804698e-01
7.102305310983085818e-01
-6.864390192034026672e-01
-8.196465205584582137e-01
5.489763271925642840e-01
4.634217309646788685e-01
4.581637524330339772e-02
-3.561364902048294034e-01
1.351370640461626582e-01
1.012152567279456239e-01
-3.975146288778852455e-01
4.080279342891026673e-01
1.324823782128807803e-01
6.928498075521549726e-01
7.493562428015325683e-01
2.141471431412353965e-01
3.330934024060592247e-01
-3.143413712372891133e-01
7.582086605287403636e-01
8.159585787996805895e-01
3.990701787833987879e-01
8.784849839426034368e-01
-2.644300581604785982e-02
5.930571905763035723e-01
3.226129846197691720e-01
-3.779099146040680868e-01
7.750240079202126431e-01
-2.259302930314754931e-02
2.208766272678654996e-01
-5.969358338467920522e-01
3.713310091133679158e-01
4.350072682700099058e-01
-2.498084703876721768e-01
-6.350266435924405428e-01
3.063070027164904729e-01
2.087859182024014437e-01
-5.115090959869184051e-01
-1.014367042491848281e-02
2.885157623163223661e-01
-9.493533503435194199e-01
-2.214347272396035571e-01
9.469726414847170481e-01
5.398678599520447818e-01
-2.458931286629872925e-01
9.638352928548845622e-01
-5.652801923780153004e-01
-3.297190774976432870e-01
8.555633426168351985e-01
8.515246862417349405e-01
2.180493926711235542e-01
3.432399666406620309e-01
1.048858102783090107e-01
-9.587601980999949092e-01
-6.588726495459891197e-01
3.033503984835894673e-01
-1.899014839613109018e-01
2.312525129055158502e-01
5.471207698690188082e-01
7.909870407143488880e-01
9.295915893794099993e-01
-3.488973151891603397e-01
7.272407933078233189e-01
5.194731504949445799e-02
6.213564193953806658e-01
-7.216331420918904449e-01
3.737771337720572351e-01
9.958493345653263162e-01
-7.339499599926782025e-01
-4.548072956878930206e-01
-5.292180295198605222e-01
-4.966361276407733616e-01
-7.641574170733105298e-01
-8.089349516963983966e-01
1.004472282063588739e-01
-7.401630499572999788e-01
-9.170837580633535158e-01
-4.720674604882268977e-01
-3.723169172400242477e-01
-5.172809200130945584e-02
6.551304614508908220e-01
-1.620838959996990791e-01
3.514104244841167457e-01
-6.254114022563181940e-01
3.063572058310979340e-01
-6.577741778464341049e-01
-6.784660075039521399e-01
-7.694983913019686206e-01
3.667998977542048511e-01
-1.318270287222023107e-01
-2.554959005737242883e-01
-8.291562381750507971e-01
-7.169679778356607969e-01
6.817330509155887786e-01
-7.239798170821418744e-01
-7.262450525075914154e-01
8.006281518858588964e-01
2.570478285546309305e-01
-6.488852259560591307e-01
5.344553739638533418e-01
-9.979321876813871395e-01
-9.558354666153483503e-01
7.365823815047134460e-02
7.582240503458503866e-01
2.568596036715597997e-02
-2.502588969570858080e-01
-2.911723403284369738e-01
-2.995613819407121348e-01
3.330149953763519299e-01
6.907448640259570283e-01
1.079417037368100019e-01
8.881687365002783885e-01
-8.296633475544956671e-01
-1.892489715854788201e-01
-3.135369886113372750e-01
-3.567540640827537857e-04
4.925300242238268567e-01
8.482815653339854656e-01
-9.764753382943247573e-03
-6.469415069282025144e-01
-6.721703158562502001e-01
-2.610111534604984129e-01
1.170690941407457331e-01
-5.519270866774015349e-01
-5.464554845672684458e-01
-3.206541496771573296e-01
-8.824794395557096216e-01
-8.109697340109860431e-01
3.942310777549917766e-02
4.040694447630708286e-01
-1.894649176418885528e-01
5.953586348486941127e-01
-6.566315121657053666e-01
-6.620642948277748463e-01
4.791995407182290112e-01
-8.669184081703538158e-01
1.707079353085605433e-02
1.055141689856380349e-01
8.549503073603017533e-01
-2.537493775175945210e-01
-1.413916886314388055e-01
4.337524934087357842e-01
-6.969427084424051344e-01
-7.812745167128851698e-01
4.231970204801525082e-01
7.142295170853429909e-01
3.924264837048541121e-01
-1.848887212531289403e-01
-4.735273252332830030e-01
-9.271741575470107133e-01
4.796134696464615654e-01
-6.904459749103915023e-01
3.619694969241524785e-01
6.734281365023193633e-01
8.105877388020488183e-04
-9.580421894074744316e-01
-5.177508807227799714e-01
7.018498990361572432e-01
4.328875954680879712e-01
-7.030272263934298493e-01
1.202934729810278824e-01
