8.632573264354410636e-01
9.761470594537429157e-01
2.739529306673138542e-02
-9.333550755373543062e-02
6.815030906308274794e-01
-5.037829736559973348e-01
6.719050148523260102e-01
-4.421816090088963591e-01
3.461739819681897146e-02
3.760864033403943374e-01
5.876912863015992805e-01
-5.466292896556130820e-01
4.570605054527290267e-01
-7.631264504280277361e-01
-4.631665630536849765e-01
-4.084632835832180398e-01
-6.042143848996726074e-01
2.965624124852828114e-01
4.497153544199643527e-01
2.967333879258724494e-01
-3.925806318221070068e-01
-9.378221499204495437e-01
-1.166714704970084338e-01
-6.636728511317457890e-01
5.276764716879376316e-01
-1.046041901791017192e-01
-7.209153588167636073e-01
6.397967879451043061e-01
-7.204819344211434995e-01
8.913226509880418647e-01
2.240586034054390385e-01
9.328794934784734316e-02
-1.261370832188912772e-01
-9.228600064742611409e-01
-9.601505890039012669e-01
-5.972820003887733264e-01
9.130797795860223776e-01
-2.143042372066954471e-01
-5.283956147929134151e-01
1.193460083357960055e-01
-3.679020514765836136e-01
-6.590310171440361131e-01
-5.127526151402375110e-01
7.959453593475240840e-01
6.430733427218466858e-01
8.436272837870741892e-01
5.993939419235041477e-01
8.689596707476829884e-01
-4.903598641849431505e-01
-4.252061255651242710e-01
5.142355082069660632e-01
-2.693873111569753398e-01
-9.917724089143391542e-01
-5.878127689072842887e-01
8.077048635655592612e-02
4.707093946292721931e-01
-2.438173198142299380e-01
-5.104405709832118276e-01
-8.454700270680650664e-01
9.418609422844737011e-02
-5.272131618290718524e-01
1.478198682910729644e-01
-6.675141498581067534e-01
9.776487949821710544e-01
6.837003612435292865e-01
-6.420630164373939408e-01
1.000000000000000000e+00
9.061716274472031429e-01
4.415020255580892616e-01
2.216575531723348202e-01
-3.262038290154922748e-01
-8.830745147472394141e-01
-9.736202774177558084e-01
-3.089748134571219662e-01
-4.773177008758839879e-01
-2.698312989967892594e-01
2.924411946808340712e-01
-6.961387566966814600e-01
7.825711978590041973e-01
-9.599009314862949616e-02
-5.817699198745263089e-01
8.093709112873328504e-01
-9.057810099650418501e-01
-2.280842614121512124e-01
-9.541834066548369186e-01
4.240270806950847682e-01
3.497839983698181054e-01
-7.523735555787558482e-01
-2.497811225030530657e-01
9.995310052572412562e-01
6.455420944619905121e-02
3.001957668741939145e-01
1.747712379154913176e-01
-3.652131202509907304e-01
-3.186016579803918614e-01
6.558284482985743402e-02
4.881544833811621853e-01
5.104799842540135302e-01
-7.793496134364337191e-01
-6.869550741316909903e-01
-4.069463560262587265e-01
-9.426095423110398830e-01
-9.649622791515957143e-01
-6.972372065401777341e-01
-3.799262072244715682e-01
-1.000000000000000000e+00
2.862789542376404928e-01
-3.852152050127246596e-01
-1.000000000000000000e+00
-1.028162603187108282e-01
3.232939824196272571e-01
-6.651170838438422717e-01
-1.999057914163682170e-01
5.273601182174190161e-01
-3.606963019186504305e-01
-8.916563112346043152e-01
-3.927474993501445244e-01
-5.455063049380948215e-01
-7.759493415211262679e-01
3.177476628598734365e-01
6.985702104898097176e-01
-6.340827544502651847e-01
5.308239146424023058e-01
5.731492684765111534e-01
2.749762800676598395e-01
-7.868022547368671571e-01
-9.158246847396622758e-01
-1.000000000000000000e+00
4.683314178888429158e-01
1.257353387734700956e-01
3.695393371139445993e-01
2.136037054910810973e-01
1.357991703191840926e-02
-6.001343270181653811e-01
9.262575249305531333e-01
-3.184712102045483828e-01
1.000000000000000000e+00
4.784211910210283136e-01
4.385125300318917230e-01
-2.064155896211024022e-01
1.340840050566840524e-01
-1.786880426631896057e-01
2.000959904780470477e-01
7.211660868146476666e-01
-5.103521223740223878e-01
1.077966298927037769e-01
5.879470983965617847e-01
9.649796776545556121e-01
4.445229782035586830e-01
-2.842214314307764944e-01
2.687507888449514049e-01
7.912161269418751530e-01
-7.409130226252469420e-02
-3.788215239700207793e-01
-4.119985465217859133e-01
-7.155924943063078913e-01
-1.172228868021618631e-01
9.692517003655478636e-01
-4.452636013564599260e-01
-1.384262809723733056e-01
8.035589793297182037e-01
2.426444665720099980e-01
8.282919239410588830e-01
7.045674423086856208e-02
-4.590200617178914477e-01
-9.733470801939470007e-01
7.809481279090471073e-01
-4.801726384877189613e-01
-4.836933388115149945e-01
1.782057798330971554e-01
-4.392450337242219671e-01
4.741963537271285389e-01
-5.540184202964095750e-01
-1.274417839878176917e-01
2.927782024785385850e-02
-6.380636661956771150e-01
9.600319653519122642e-01
-4.063453494346735972e-01
2.931826592062798387e-01
7.962278534661606511e-01
3.040940695584337661e-01
-3.987898778756850948e-01
1.780948352812423696e-01
-4.883206642466737524e-01
3.227594190915892280e-01
7.487195042671257461e-01
-4.448001864990152043e-01
-9.584734101253000738e-02
8.969463812017270943e-01
-7.104739055384556856e-02
3.975079347099070848e-01
7.448115616694472862e-02
-9.318210643722693032e-01
3.509894133751287892e-01
8.379902667318617215e-01
1.000000000000000000e+00
-8.116131792001586298e-01
-7.869928261573078121e-01
7.625804346230804498e-01
9.833537837635142331e-02
1.000000000000000000e+00
-3.973663545569403599e-01
-1.450388042830470514e-01
5.828148832279667069e-02
-1.000000000000000000e+00
1.093517252731408540e-01
1.763989205856477671e-01
-1.013453213552728549e-02
-7.281749520815032906e-01
-5.731182784402466535e-01
3.190011476489429398e-02
-4.176224584521472938e-01
-3.679838428364187175e-01
-9.668246774526423337e-02
-3.987753096233876970e-01
2.254603777007249121e-01
-3.224864003180250016e-01
-9.117194126833561008e-02
5.706864776704496656e-01
2.535790882285902104e-01
-7.965378681638088931e-01
-4.481389941707067948e-01
-9.902012211381205908e-02
-1.415778820561497398e-02
-8.948044703451096815e-01
-5.330475343179414960e-01
1.729142944765871270e-02
6.324592610774744106e-01
7.041859100341336664e-01
1.243129400539220164e-01
-6.510873708114566227e-01
4.846716699325246402e-01
4.676025110983297317e-01
4.824831699256948436e-01
-5.665331026000530734e-01
1.092840602812157336e-01
5.944446731772756731e-01
-2.452192527243937104e-01
5.042914092151620231e-01
6.150449056352169652e-01
-9.872591797108409839e-01
-6.679298676148486269e-01
-3.323695954341776559e-01
9.971468291482457058e-01
4.813993131570775130e-01
-5.341886878188644161e-01
2.464213974574309685e-01
6.581054716359233669e-01
-5.485204153771818802e-01
8.346543221777391608e-02
8.614600138065489077e-01
-4.022378140219893261e-01
2.904460408695193063e-01
-5.860666286214457621e-01
-8.477040023865582974e-01
-2.895550403122599814e-01
-4.535060807444688535e-01
9.771268627235754067e-01
8.169041279556599200e-02
-9.930004401246705914e-01
-1.000000000000000000e+00
-7.804143838597255023e-01
-3.600204115126870441e-01
5.239107815146344382e-01
5.084005284474866215e-01
