-9.410784525476971751e-01
5.098552516000478541e-01
4.293624263294575361e-01
-1.889115113387620504e-01
3.047588992181673451e-01
-9.051429301717857090e-01
1.000000000000000000e+00
3.842547395196338478e-02
9.248988574253467210e-01
-8.623476385667709909e-01
9.576971525802790985e-01
-8.506033669580801426e-01
-8.926785109167385546e-01
-5.716756078649827266e-01
5.525418242084647602e-01
-9.620782509580050323e-01
5.063125051029080392e-01
-6.729440652396279088e-01
3.876163764552651436e-01
1.976438458265543652e-01
-2.567801633904170377e-01
5.875497365648805204e-01
-1.019857911292887387e-01
4.704455769743576266e-01
8.093137555605285360e-01
3.910630663430159082e-02
-6.004275061731889629e-02
-3.772889893172972631e-01
-7.980330996266451482e-01
-1.423416735961693380e-01
-1.828982042253013418e-02
6.843501330991377252e-01
7.347282061538997766e-01
-4.838173284830316057e-02
3.632364004492487641e-01
-9.392981727764906363e-01
3.727980979129930095e-01
7.690150997510027953e-01
7.024397405581372933e-01
2.692254257950863483e-01
-4.141354156311090051e-01
-8.977576022104065689e-01
-5.097098305718565925e-01
2.090253848654939350e-01
-4.290479830946569706e-01
-9.889941200502063712e-01
4.834990146805409061e-01
7.887940361651395449e-01
2.265967068829533027e-01
-4.122022744920981197e-01
-8.177871369278950642e-01
7.959050613542455466e-01
3.687158068729057270e-01
5.670975737446313225e-01
-9.539871329812710243e-02
-5.515580112941511626e-01
-9.488181461249522997e-03
-1.414127928392816536e-02
-7.317055162468246721e-01
-6.249905904512242927e-02
9.542618448999022895e-01
-1.386752255337861950e-01
2.026460008480031050e-01
-9.827078416905121738e-01
9.932901972190686379e-01
6.738679234358149195e-01
4.823182147888604998e-01
-2.036142798304185764e-01
7.275380641318034414e-01
-1.001848908934208637e-01
-6.398815290219612706e-01
-6.604720635618330782e-01
-4.451887705629697933e-01
-3.742812601504503789e-01
5.429466527328474790e-02
3.167112377730796346e-02
2.030833574313446466e-01
6.855661190097597224e-01
-2.461460078001556084e-01
-5.137506520810881661e-01
-3.031709311566386233e-01
1.640978715574896718e-01
-4.018241004293843233e-02
-6.724661754574157158e-02
-8.883701966080497225e-01
-6.737341389231212840e-01
6.754444969964534806e-02
2.058566284380018985e-01
6.297960363096324343e-01
9.904139529371394080e-01
-4.272598301571655099e-01
8.740661165929937138e-01
7.638432224933440207e-01
-8.162967233786420085e-01
-3.489031127184243353e-01
-9.416174267462460445e-01
4.490187566074661518e-01
-2.540472921964731512e-01
-5.305636067971231107e-01
2.445541828367190362e-01
-6.156874902084956691e-01
5.977847120532870928e-01
-2.320616794918108905e-01
-2.757080756902836605e-01
6.973071447149339352e-01
-5.544498626273175468e-01
1.629864931301840958e-01
-6.798041901498466100e-01
-3.088143788236668019e-01
1.712164776060531857e-02
-5.960407432205094835e-01
4.202671769202404040e-01
8.136809090087515628e-01
-3.264692331914793577e-01
-3.563062752244749998e-01
-8.959269816728379077e-01
2.426335659415645996e-01
-8.255221596733586242e-01
2.654058478473508842e-01
-7.513396063594650620e-01
6.071909502602694797e-01
-1.697403540526667420e-01
1.460307865545591444e-01
6.205249073919996139e-01
-4.845606264819868336e-02
5.423666425381252765e-01
-1.537483773799837028e-01
-4.072098020443224442e-01
2.027993321855370290e-02
-8.770892303202875162e-01
-7.516493326627959881e-02
-7.350797742037298299e-01
2.809220892360260180e-01
6.017531473495836281e-01
5.417496084259219025e-01
2.939838168010400210e-01
2.340186848193392954e-01
-5.968648784174581667e-01
4.978109389619171932e-01
-7.679859585876085415e-01
-6.925016043832055157e-01
-8.469942621235495572e-01
-6.984505497122945883e-01
3.551020773309112588e-01
-7.459468585923070272e-01
-1.105761309039026141e-01
-4.179208033290975344e-01
-8.320475527399029403e-02
-3.024364442624489779e-01
-8.059438953521984583e-01
8.757299223557708512e-01
6.131552814517049477e-01
-6.138948836582758251e-01
-9.154440313754719227e-01
-9.731494036345484933e-01
9.661431299804301709e-02
4.055965831495691454e-01
8.223107180977495823e-02
-3.574058857772310915e-01
-8.546799805786595705e-01
-8.525584195439628310e-01
-7.016904127742500386e-01
-5.247702482369196453e-01
-8.124263429664508873e-01
-5.283441242510993341e-01
-3.895081196326850570e-01
4.443230949991920919e-01
6.408802146127408061e-01
3.977532715528955265e-01
7.612601179138178686e-02
-9.908832010705652671e-01
-7.487712904733550001e-01
-7.443583679654461882e-01
7.392948726656047853e-01
1.545869121617406972e-01
-8.223281087875806694e-01
-1.378092918385003252e-01
5.786287244633299132e-01
7.659871610537358766e-01
-1.471166485161345960e-02
-6.991785245574744234e-01
9.211541092859072410e-01
-4.648499613309713396e-01
-6.282703692012954200e-01
-1.135916731201680463e-01
-4.060762561619708499e-01
9.263047935719390669e-01
-4.824937538772966494e-01
3.931294766826249898e-01
9.391146266639485152e-01
7.019172794776529223e-02
-4.001422766153046595e-01
6.534597848811067866e-01
7.554638775469979528e-02
3.667013183516389940e-01
-4.481952695458888414e-01
-2.198042002462599065e-01
8.458378237723571669e-01
-8.383483246043830217e-01
-4.466351348389847598e-01
-8.958800836720715033e-02
-8.206959118434320466e-01
-2.335659724474181687e-01
-8.367079890389714780e-01
6.167127921782635802e-01
7.171352963087538335e-01
-7.101582491578943834e-01
6.042305730539845321e-01
2.820115993856198155e-01
-7.432607525385381830e-01
-2.815682573631961283e-01
-4.976914244280321586e-01
2.213171020433213343e-01
4.154882873683529709e-02
1.324030863142766634e-01
-3.143054275573269329e-01
-6.116078717643971263e-01
-6.372129071395837840e-02
5.520330035145051273e-01
7.299328501898589838e-01
-7.133940250245163206e-02
4.073753704024516420e-01
1.038916420857283196e-01
-8.141791495340939822e-01
-7.670934904413400091e-01
2.959680208132728918e-01
-5.427623930996856583e-01
-3.043973949942941903e-01
5.557177005196880515e-01
-9.037670358575797813e-01
-6.680835720801567845e-01
-3.283931917621958352e-01
3.169868952722640909e-01
5.706120451497320722e-02
1.458369257608442826e-01
-5.200965017124397072e-01
-8.799127534102815229e-01
7.988521361636879980e-02
-1.091364855940359924e-01
7.529304307048614309e-01
-1.396921823055385925e-01
-8.793409918459804686e-02
6.559778266916811429e-01
-6.643076453742984278e-01
-9.125579901317377729e-01
1.336968562688467532e-01
-9.639460655287244162e-01
-2.926164256762979754e-01
5.672373692087455677e-01
-3.308144210914911731e-01
-3.348977192431101813e-02
-7.455033454082193867e-01
2.586525973459641303e-01
3.617536685016191633e-01
-6.865390311764554276e-01
-1.561471314188040971e-01
8.329393337566719513e-01
-4.441420356350356258e-02
-6.194451503094879907e-01
9.739055035220471890e-01
6.985213985071478948e-01
3.959414736251012368e-01
1.944016571247959568e-01
8.708952554498545773e-01
2.250487592817678184e-01
