5.444582987870036916e-01
-3.512581687896107585e+00
-3.715561406283608203e+00
5.599500625330493975e+00
-8.289574072760347079e+00
-7.728367900359609521e+00
2.649098958397052783e+00
-5.615638895972086431e+00
4.315003328586059617e+00
-9.416711783469833286e-01
1.770075712410310365e+00
7.703331448093260647e+00
-9.016636701886476146e+00
-2.814107737007216059e+00
-1.570967703926560155e-01
9.882061163973334672e-01
7.825581677993419305e+00
-4.990347014633554679e+00
8.451568311123102362e+00
-1.019726551986245866e+01
-4.516209527745751906e+00
1.281046263408788022e+00
-5.822166463731505814e+00
-2.547793420758108773e+00
1.282918451107945579e+01
-6.764479978227829093e+00
-8.736741279600217069e+00
-1.666721613027620563e+00
-3.640494634576595612e+00
-3.034455657641625947e+00
2.560055659484601343e+00
-1.375288297853565433e+00
-7.984653280481834869e+00
-1.449864925020207451e+01
-2.602614179431744112e+00
3.472352813012605122e+00
-1.911981267435126863e+00
-1.051151161566417613e+01
-2.145847757367699504e+00
3.516347105851038712e+00
-2.401023072589155483e+00
-1.207550978985836565e+01
-7.622892862078292087e-01
1.157514522360625353e+00
6.774953188574501795e-01
-3.561867345368373350e+00
2.721481478586252223e+00
8.301993296978448456e+00
-9.202919981787616166e-01
-1.409595149624169874e+00
-4.365003127707127728e-01
-1.310896681482728532e+00
-1.020878948981635226e+01
2.919224226658865273e+00
6.154586452875225433e+00
-1.486215913028092217e+01
-2.171628783394547568e+00
-3.021851262029180418e+00
-1.117337561738892759e+01
-5.004846379299413783e+00
6.296596711562796322e-01
8.768311209987572852e+00
1.202669605997886748e+00
1.691165912076120659e+00
2.979212117140721983e+00
4.186145106495830603e+00
9.809010005227077889e-01
1.851684658246905757e+00
5.928077057929337812e+00
-3.688519734909283088e+00
-1.249647005979781511e+01
6.117722635126408015e+00
-1.436045084995654086e+00
2.446559448266379277e+00
-1.544098122607634682e+00
-3.922219780330915562e+00
-6.852899912650989300e+00
6.811528608904922955e+00
7.794541669019240615e+00
-1.562279581434443010e+00
9.489044277465055188e-01
5.585184891698222742e+00
-2.187944901391490227e+00
9.071201243796540581e+00
9.644992570746387273e+00
-7.544715623411916816e+00
4.040007831442067321e-01
-1.042023913560909065e+01
-3.108573928528764796e+00
1.503201271761331892e+00
7.898095471403299150e-02
-8.563465915961936403e-01
-1.313012565172761104e+00
3.476003756804823652e+00
7.316948753983763432e+00
-6.203807274408567274e+00
5.124178079073214320e+00
9.276532379694788943e+00
-8.123994406114904976e+00
2.507651616511959447e-01
-1.782512464711353717e+00
4.566324544056402424e+00
-7.777779882328325733e+00
-2.860638576304368463e+00
-8.467805192409990411e+00
6.691488776836885144e+00
7.605037038555829021e+00
1.218083490966916038e+00
-1.262812013941806377e+01
1.121053528788287679e+01
-1.296787432093371173e+01
-6.515555914388483139e+00
-4.226643025813229926e+00
3.456322821736278250e+00
-4.964431113108584981e+00
-1.336448123595745407e+01
8.175544723478123998e+00
-4.197960927928336972e+00
-1.396994030943816911e+00
-1.571059273391830491e+00
4.656721839248537442e+00
2.797022840246667919e-01
-1.357947255423508359e+00
-4.302173161066589202e+00
1.760679922671633202e+00
3.749236957634371592e+00
-9.238795170842161397e+00
-6.613027112324122214e+00
-7.993412157860671385e+00
4.229598655767374815e+00
-9.117607153823512611e-01
-1.603016455390516271e+01
-1.723287750857411993e+01
5.832984851982264018e+00
4.040923751463876279e+00
-1.019478762231234370e+01
-8.160371293019458960e+00
1.067332330037205068e+01
-9.172324335179633081e+00
1.065979658882284298e+01
-5.266551948929216742e-01
1.035054939604540003e+01
1.082511110603350701e+01
4.986534262347131374e+00
2.132205350547226264e+00
-7.296451702635813774e+00
-1.982572151650548786e+00
6.725338043475362682e+00
-5.587441378263866554e+00
-1.722747068478117871e+00
-1.233170046050313928e+01
-9.744246551794889299e+00
-1.011982966729356015e+01
-4.021568571118355528e+00
-6.041268625657654212e+00
-6.851277412838262526e-01
-1.227852621538900380e+01
6.049106796983972245e+00
-7.357421404283154942e+00
-4.098735051057276202e+00
-2.336746449155791439e+00
-9.318481625117344791e+00
3.236711530415319338e-01
-1.953382735957838179e-01
-2.609596551149885535e+00
1.509080117507251373e+01
5.234213111376517347e+00
5.791681325495015464e+00
-1.987712831548696935e+00
2.596239502226734608e+00
8.240606529068259078e+00
9.983176794738840343e+00
7.207800189035237892e+00
-1.157021593683759875e+01
6.951827287768510999e+00
-8.156494790294473773e+00
1.945133362682901268e+00
-1.951666706797347217e+00
1.175130780605509351e+01
1.948040566418391517e+00
6.077183328588397160e+00
5.112123941749791456e+00
1.379783336587456333e+01
-7.653001188893984619e+00
-2.892534098353642058e+00
-8.121983935759800488e+00
-5.067031586844366053e-01
-8.305868517854296584e+00
-4.444473903737950593e+00
4.768252645161865644e+00
-9.262544320697729816e-01
4.615884164447814797e+00
4.452451602272130549e-01
-5.508477747140783087e-01
-4.778099361690280489e+00
2.493908649717238024e+00
-6.742224985263037595e+00
5.041593538797114249e+00
3.550217812536303974e+00
-2.338729409190431152e+00
-2.121832376145521781e+00
-1.777422722807730837e+00
-2.415156669901954878e+00
-5.331738333470912750e+00
1.138203037384567073e+00
8.697498515795354379e+00
-2.956435890148005896e+00
1.784545693364776309e-01
3.059210833594314227e+00
-7.195868173022717862e+00
6.710942979773190764e+00
-1.960826031841669259e-01
-8.863149941690652511e+00
1.185171028785925884e+01
-2.532281921708096739e+00
-1.094037049869684530e+01
-4.090131237928934738e+00
-1.006091530910747878e+00
-5.590119789129057715e-01
7.494764883782849552e+00
8.629793874013827804e+00
1.709017225188593558e+00
-8.893394856723171316e+00
6.196278529988007655e+00
1.796945925532394517e+00
3.759437413921705051e+00
-1.708115873968601539e+00
-6.861744684301797292e+00
-1.858715531758933892e+00
-7.145013442971723805e+00
-4.954297910000713401e+00
-9.330178421110604248e+00
-7.537399553417081233e-01
2.251198923450252742e+00
-3.222160612892690956e+00
-6.915282357796104229e-01
3.021929221088921924e+00
1.264701280473537182e+01
9.094271770875085537e+00
-1.268383193275598231e+00
-2.457351142067120353e+00
-3.733537116503322206e+00
-8.095260088860413816e+00
-1.119885599616002025e+01
1.472993617913462749e+01
4.094366241673923490e+00
-4.107888503562567628e+00
-1.310610797442354247e+01
7.510092409265157087e+00
2.136559791877869596e+00
-7.505789463750471846e+00
1.648083213808680725e+01
-4.173736792794571215e-01
1.938573273799557573e+00
6.951951294737829024e+00
-9.998941240451162393e-01
-1.823087716770171340e+01
-1.048064854322232264e+01
4.064038680513405666e+00
1.984827549192899054e+00
-2.535345811889153644e+00
8.304730031251862599e+00
-1.036989726014308744e+01
-7.559437010595954298e+00
-5.944871108844448138e+00
