4.825111216566917882e+00
6.897448802457764927e+00
-3.738713869772449350e+00
-1.103261473344199750e+01
-8.202753821101993026e+00
-7.497671024188073297e+00
-8.000170199555072248e-01
-8.995227762413335881e-01
-5.603816931246445421e+00
-3.674669196414071859e+00
4.172475403579820608e+00
4.653557526267955602e+00
-3.711525926536905384e+00
5.382467178794456686e-01
-5.579272437418813624e+00
2.914391248617357544e+00
7.702924902523464734e-01
1.252480327145887085e+00
1.900978465290528385e+00
-1.726560678147208927e+00
6.107557830583521863e+00
-6.597120578964702275e+00
-1.233908212251378256e+00
1.654550463520638282e+00
-4.345842015275120929e+00
7.666568830340163565e-01
-5.709814757883461489e+00
-6.878764046131372822e+00
-9.348005662258486836e+00
-1.234100689292737663e+01
1.138156451318596885e+00
-3.249477008836012981e+00
4.949416100161418086e+00
2.552036887256984077e+00
-3.063972243461797973e+00
-9.737481092907238178e+00
1.251030126055611813e+00
-3.028633704610136590e+00
-1.999763571368892157e+00
-1.718219167410341308e+00
-5.406034030836082138e-01
2.119419297754671749e+00
7.233326584863736031e+00
-5.013899125680608471e+00
4.959649272364289985e+00
-2.923833169426299783e-01
4.278541477958827777e+00
7.667113095528139688e+00
7.353280440757059111e+00
3.456327270573944510e-01
3.417704105444152152e+00
5.917801671974029176e+00
1.877000682975687562e+00
-9.758813051523724802e-01
3.686707302608485559e+00
8.776293423322734100e+00
-4.874313330126938126e+00
1.344883267610286648e+00
4.725416552747989662e+00
-2.202629918162128941e+00
-1.109547617420268750e+00
6.053132457472210959e+00
8.837131472706114543e-01
4.136780483124447017e-02
2.265615111709085028e+00
-1.924493716932066611e+00
-7.981142080599078703e+00
8.340144464608615138e+00
-9.902705942888802682e+00
2.453330067446298113e+00
-1.019073120140569699e+01
5.987834468810676825e+00
3.611667783158921452e+00
2.495913089527636242e+00
5.555252963330175930e+00
-1.772021971246600103e-01
-3.117767358617872908e+00
-3.742664483491672023e+00
8.143770266164038318e+00
-5.011171567683132544e+00
-1.194266214533181270e+00
-4.899914403059275614e+00
6.827266395553577283e+00
-4.708483167199542407e+00
-6.827788404919790111e+00
-5.415423140868751872e+00
2.249330094943013947e+00
3.482185310751726881e+00
7.486954319336165398e+00
-4.232982776695026317e+00
1.816686004588719872e+00
6.165241388740591688e+00
-2.797101053498403100e+00
-1.190131155578277955e+01
3.475518843101039757e-01
2.009267891954045204e+00
3.162677666265489407e+00
-5.344105568957301600e+00
3.472449314280839694e+00
3.357861974658061577e+00
-4.197183482846201130e+00
-7.348379365452499812e+00
-1.254316047386298649e+00
4.180046095571176679e+00
6.514935046137218855e+00
-2.781720067630391036e+00
1.610675893748262144e+00
7.556976778935210470e-01
-8.179891478541323480e+00
-1.143255358748029860e+00
-1.026762718905690086e+01
1.619987303745368923e+00
3.407802006936840211e+00
-2.619872280724016900e+00
1.031986332022384900e+01
6.206956802221867964e-01
-3.859710169083000242e+00
5.987325647226756864e+00
-5.353752219822545122e-01
-2.284806919997098618e+00
-6.734741551066942833e+00
-1.091964575384941405e+00
-7.841412911873575808e+00
3.682696560645814188e+00
2.225957067792004196e+00
-2.401171527171239717e+00
-5.721133217125737858e-01
-4.772579494026179425e+00
3.508193921984075203e-01
5.780759549579934209e+00
1.868788449502845506e+00
8.148782559136712678e+00
1.359936693884398196e-01
3.089204119830597950e+00
2.310257562317324709e+00
7.867885211175074112e-01
-1.842309084015216314e+00
-2.395270249024112896e+00
4.032651556516799296e+00
7.650644434759866996e+00
1.930247718994992923e-02
1.622794490821650726e-01
3.797902740143265010e+00
-6.927385770118837272e+00
-8.466152622669778083e+00
7.790403433064949645e-01
-6.166568956238120514e+00
1.343018168143412794e-01
7.308612505330970954e+00
5.831590218283318805e+00
2.246617624242269073e+00
5.734604297591872069e-03
-5.308878168636694816e+00
-1.180124531635196927e+00
-1.350980604620333203e+00
3.881984040026118521e-01
-7.847820536008336845e+00
7.161220828827643103e+00
1.979807725196629509e+00
2.227146776286541563e+00
5.580009518899636589e+00
7.113072316912603554e+00
1.047531649229324913e+01
-9.344477208756632791e+00
-2.182358527477194166e+00
-6.900850698766818336e-01
-1.881665717821188188e+00
5.120446774952394975e+00
2.362437534722480859e+00
2.792800842756224089e+00
-1.012406903233785460e+00
-4.908296921444547323e+00
-3.702016627681995242e+00
2.418485320054735155e-01
-1.379894050289439011e+00
-5.184571148010840069e+00
6.303994126197826731e+00
1.075095823244439419e+00
-9.754385900009534538e-01
-1.779484966100234100e+00
-1.423899011384603952e-01
4.208599381347580604e+00
5.002064706611157874e+00
-5.498470651758720074e+00
-1.408428525857328140e-01
-4.153825735177694156e+00
-1.415223093123165077e+00
1.554173111832706677e+00
-1.762017737926049987e+00
7.436741181206873108e+00
-1.926268826234018183e+00
8.144371042358505841e-01
1.412680418936782090e+00
4.815631589983576433e+00
-3.425562446191103838e+00
-1.954261167423561929e+00
-4.138381349255936037e+00
1.143438630617531615e+01
6.862933849467275138e+00
-2.816545890343510106e+00
2.538429901482464501e+00
6.185438529000823138e+00
-7.164009221931146421e+00
-5.702492983344999988e-01
-1.403003816546810611e+00
-1.225870849534939389e+01
3.164804638355522837e+00
9.004798268804135475e+00
-4.951169163433022824e+00
7.599698776025645586e+00
-7.875149549909323810e+00
-6.168109367832395051e+00
-1.577356143851540882e+00
2.683262483251979802e+00
6.745212719743735263e+00
3.267473086705073637e+00
-6.291815868586823512e+00
-1.147879740281097760e+01
3.118718050184147828e+00
-1.399058381394213768e+01
-3.548666395941683316e+00
7.850985279669388639e+00
-2.957260850714162892e+00
-2.619115796115282002e+00
-2.316780459489071298e+00
-2.592786225112804210e+00
7.537152176572819329e+00
-5.446471407652088814e+00
1.750012922856134079e+00
9.773871160944171521e+00
-1.185067995248008543e+00
1.205696627098148888e+01
4.915834443154866840e+00
1.095758467567549133e+01
3.567207707471545586e+00
8.884864163427661055e+00
-2.122785050118698891e+00
8.841948243121731110e-01
-5.970281384228364630e+00
-4.131414978565423723e+00
5.743781123884363460e+00
-9.006263086125848361e+00
7.868778509577054603e-01
5.353054599967311589e+00
-8.912649139522521580e+00
-3.103944223117527379e+00
-4.588857293912493418e+00
-3.433608843698391144e+00
-6.711006391212020361e+00
-2.146834490717247856e+00
2.757550441672459662e+00
-5.463352872187151377e+00
8.380580675165351101e-01
4.828049307862304573e+00
2.862592996842281856e+00
-5.644243101826792675e+00
1.276018406587699383e+00
-3.816277727991627788e+00
5.171138639903798406e+00
2.276963095278035976e+00
-3.920715076637404373e-01
1.074467528135266647e+01
-4.634553383328832155e-02
5.103632260220588357e+00
-8.196283543451281517e-01
