3.684118860613086799e+00
8.941420823054984979e+00
2.028082361344714091e+00
-4.714193621920539812e+00
-3.793414854036909034e+00
-1.848076983262456174e+00
-6.094204213530319159e+00
-9.734233550484086450e+00
-4.380264389020636528e+00
1.039057798185576864e+00
-1.091207853274659278e+01
-2.464792782822010642e-01
5.114694733887514388e+00
-1.593093711811765623e+00
-1.365123512918167492e+01
2.833069524016385898e+00
1.537089148303925068e-01
1.014547521432337440e+01
2.362017029967580228e-01
-5.143450470629536753e+00
1.858383852524774893e+00
-6.588048877465422670e+00
-9.785721205325732086e+00
-4.121149776686332089e+00
-1.765038128864296674e+00
-2.694050819600234625e+00
-1.091285565349693343e+01
1.054353290710930402e+01
-3.639285550425721105e+00
-6.756276116749578620e+00
-8.044245458130060200e+00
2.887842650109990750e-01
-7.389277624225538688e+00
-1.673479903647355549e+00
-1.460494747534004656e-01
3.428560056473520579e+00
6.213244210254691424e+00
-4.994637851964433217e+00
-5.818405788371721954e+00
-1.442562053194707206e+00
1.747985560114967196e+00
-1.053463927625392138e+01
-1.762560633102146390e+00
-4.304189920225400812e+00
-4.855936231037285111e+00
-3.319488907020197388e+00
7.013884863538069503e+00
-8.873877401925733821e-01
4.023605268739127716e+00
2.283792711568835454e+00
2.735732055178157207e-01
3.096392279418430427e+00
3.173672005637776294e+00
-2.040776905282803533e+00
1.047023603590372787e+01
1.009578541857919376e+01
-1.228833700027979603e+01
-6.531671443587100612e+00
3.438671292757676134e+00
1.511597041763349303e+01
-2.047919530057783488e-01
-1.000795277709794817e+00
5.033742323782615102e+00
6.290386241858653804e+00
-6.196546293529862304e+00
4.029281118720540178e-02
2.657638261126817891e+00
3.800653571194400726e+00
3.932305416975763634e+00
1.419578777411561799e+00
-4.632515469213584147e+00
6.568430879129792288e+00
3.894238475445244152e+00
-1.479946151579038371e+01
1.572012992605076143e+01
3.170663252835013601e+00
-1.013283699651284486e+01
4.624970472706567470e+00
-7.288752718697104171e+00
-3.221048266025924534e+00
-6.020380533424438241e+00
-2.387175689293208336e+00
-1.820147900908705818e+00
8.289112428600562410e+00
-5.451752224561911220e+00
-1.528568647478854903e+00
-2.087340257921493691e+00
-8.821692186187611640e+00
1.843195744423198335e-01
7.449821171173883760e-01
9.779915146160967909e-01
-6.069820241488178780e+00
5.559609282004373654e+00
7.858738340311870463e-01
-6.064562341653340738e+00
6.540321237696176127e+00
5.559289559442177620e+00
6.459613149402201770e+00
-1.223943602376755813e+01
1.633995104905856266e+01
6.909176460400687780e+00
-2.820503286958573774e+00
1.800472279088324967e+01
-3.784580043190018728e+00
2.236853174546526546e+00
-2.755407948567298870e+00
3.545336994769817007e+00
1.552481676966677382e+00
-7.028237696204525653e-01
-8.953423962837292471e-02
-4.229743779432171280e+00
-6.548823484314967303e+00
3.299621355705813386e+00
-1.850713438323315474e+00
-7.437105603599657222e+00
5.982702307023983757e-01
9.382282732786311641e+00
1.848131141257728594e+00
1.150423238427553407e+01
9.975185843700252519e+00
-1.530168051504166904e+00
2.711779281817674025e+00
-6.035974280091268795e+00
-7.213959897667418630e+00
-6.833015709044468977e+00
-3.405501373476167881e+00
-6.042998129627868309e+00
9.201588303572691530e+00
2.883879180216689098e-01
5.242855414947968029e+00
8.792606408779173321e+00
-9.523050181463258212e+00
5.066906996553445452e+00
7.920978329686004571e+00
8.194530997752371704e-01
1.069700466451209131e+01
6.513015758016977408e+00
1.149688877229452189e+01
1.794931819249228155e+01
4.711784566361982840e-01
-6.698613050942853420e+00
-7.053213968111342602e-01
5.882249978339382679e+00
-2.012376804742339154e+00
2.935231440277006332e-01
-9.711315964956273916e+00
-3.791222491007562923e+00
-4.998703255543947677e+00
-1.061839514797495498e+00
8.939519336873457789e+00
-2.854742398213231169e+00
-4.832582614096054385e+00
4.218491773671431133e+00
-5.023739599426351177e+00
2.406115625515559131e+00
1.258923794758416648e+00
5.872000824823863319e+00
1.113989195078026739e+01
6.170708211562063283e+00
-1.017553018164774281e+00
4.652884924326744276e+00
-1.142218504052119110e+00
-3.570408453230219159e+00
3.522614587336081016e+00
1.548129418356800002e+01
-2.760872071572225028e+00
-2.602536118834740009e+00
-4.910212742662947605e+00
5.365168259021013242e+00
-1.780050305844021796e+00
7.038491241617711225e+00
-3.192179600427025310e-01
-2.841490315273210499e+00
-5.655058284277072467e+00
-8.272231005764158596e+00
4.479860320549931885e+00
-1.162572623907258418e+01
-9.661680571772450321e+00
-1.126035555831864654e+00
-8.119327677836865931e+00
-3.114514863781925769e+00
7.566224374067388680e+00
1.038318423671853807e+01
-4.164246389960845285e+00
-1.517828442607719097e+00
-8.242645772070238408e+00
-5.194635700714036020e+00
4.167830307832294245e+00
1.806237051418984496e+00
-4.269385404282372676e+00
4.901988340138690781e+00
5.924453282202994941e+00
7.613622570210507590e-01
-6.044521286142110483e+00
-2.144582096458614640e+00
2.566617690478919300e+00
6.236824595969518992e-01
2.751942834859866238e-02
-1.043812690098922147e+01
1.352640744554967434e+01
-3.025556046818579592e+00
-2.588838442048639887e+00
-3.254451366628096309e+00
6.094236842960508049e+00
-3.506514374600196327e+00
6.468339384098959144e+00
2.006388695242445230e+00
-7.985158022302423220e+00
2.041542820095223476e-01
1.095995468817675089e+01
-2.388411784620254608e+00
-8.733771021399901358e+00
-8.887104609328236648e+00
2.835596865522440169e+00
6.203475305097776449e+00
-3.994454193240221773e+00
-1.157205201673643380e+00
5.660743029833009032e+00
-3.348942781421440973e+00
-5.744455551099486357e+00
6.833038024825854428e+00
-2.314711082830346456e+01
1.434293395127730353e+00
-7.062328369722523647e+00
5.205844857702179418e+00
-5.629199604552324487e+00
9.250325073435261558e-01
-9.242873887547629064e-01
1.098602035883687655e+01
-1.311262888135205529e+00
-6.070168868510243954e+00
-1.105362970624259944e+01
-2.899513377643682777e+00
-7.140442555089250298e+00
4.189411545004740667e+00
4.363403468544133190e+00
3.317584373852453972e+00
-6.027235845988696994e+00
7.445508392881946769e+00
-1.817393644478427994e+00
-1.242726312461725158e+01
4.423942652618348070e+00
-4.717966787984209098e+00
4.853288544476876076e+00
-5.404308546197306384e+00
1.358617529103983479e+00
9.765775299284982225e+00
-2.967907276158600727e+00
5.267140185745049941e+00
9.825644728376785153e+00
-7.318283659827184984e+00
3.169127916665026135e+00
6.790837232110835231e+00
2.593055112381508209e+00
1.238001755547108340e+00
-3.893825255891508075e+00
3.818592407175365633e+00
-1.653716722745374401e+00
2.709556725511727215e+00
-2.603551252524093140e+00
-4.768271924533318717e+00
1.067430574882709138e+01
-4.882631107561388184e+00
-3.740046983484959675e+00
-4.529072911181168948e+00
