-1.591164610744626007e+00
4.342318588723348860e+00
-7.949500399798455241e+00
-3.818654374245356031e-02
-4.412861188444390237e+00
2.448729977339399788e+00
-2.912702249750687145e-01
-6.756792273261939208e+00
1.140606177299631430e+00
-5.264932994953081646e+00
7.966082349639777682e+00
-4.672920041077444075e-01
1.472211890273356527e+00
2.290400772127424656e+00
-4.561684897421823592e+00
-2.338492151924215889e+00
1.009555538482586456e+01
4.984487119699202218e+00
-5.211195183770848338e+00
-7.346341098016702098e-01
7.224447043931665036e+00
5.216215103784846541e+00
4.678642075258447441e+00
5.252741970219483747e+00
-3.122808428323565977e+00
1.373473698014378641e+01
-1.148662212638273772e+01
-2.174406404066536957e+00
-1.208993978925761503e+01
-1.053151677296148847e+01
-3.169670846107432549e+00
5.261345781590030413e+00
2.788939932293701851e+00
1.006508082193427001e+01
-2.841210815233699005e+00
7.372634863980690456e-01
-3.476414328536616249e+00
3.336742000117888018e+00
3.162896409644230022e+00
5.337288872219515312e+00
-5.815897511630524264e+00
2.142240611217870683e+00
-6.296777773143104717e+00
4.236577503796851829e+00
1.803648970764100579e+00
-7.201745864236369421e+00
4.551040717710797878e+00
7.218277607820601460e+00
-5.586234135764707176e+00
3.062229720501132291e-01
2.970227103210756336e+00
-1.071714317842974218e+00
5.749770153460840305e-01
3.792766039943199274e+00
-1.894076037324091022e+00
8.180525485739438274e-01
3.477466865774461624e+00
-2.459735191526817744e+00
9.071491987556455916e-01
-1.016072523095880875e+01
-3.971864180054357263e+00
2.657319009346934102e+00
4.204895276052322828e+00
-6.789054267065028903e+00
-2.888426831560002572e+00
1.224070417077767203e+00
-7.402320727916057663e+00
-9.092628648093207033e+00
1.832888411487428204e+00
-6.432446791664010455e+00
-2.920739517388770690e-01
-4.643764211599985536e+00
-4.795118994146554403e-01
6.897658146045142935e+00
1.084158065231488388e+00
1.292828383387258206e+01
4.087644104879410101e+00
-7.506005789878948953e+00
-9.223909096280724640e-02
-1.839928192356419245e+00
7.640158482642496196e+00
7.603490231929550092e+00
4.263759465812961835e+00
1.842041649529004843e-01
-3.894003295460638725e+00
1.252815479009370403e+00
-8.407407968038643986e+00
8.891404617729681270e-01
5.584688748355712384e+00
1.653224950724312414e+00
-5.204440405858347773e+00
-7.665443380518604855e+00
-1.053831493651298246e+00
1.408053408528548545e+00
-2.680889562133534909e+00
6.183502622890449274e+00
1.505627361698563504e+01
-1.168925406281055013e+00
-6.040848256722139098e+00
-1.820736013768618766e-01
-3.441158102566756138e+00
3.169892643698797308e+00
2.710481928405863883e+00
2.474926352597246471e+00
-8.599348679773708426e-01
-7.495985771162947842e+00
-3.475774808873656418e+00
-4.119366718124023663e+00
5.840336771280878914e+00
1.651459449571802018e+00
8.379732834371623085e+00
1.148254444671798069e+01
9.996605005680031297e+00
2.056818550601260842e+00
-3.403423651356193513e+00
-4.163047590485939864e+00
-1.482200834981775195e+01
1.567465306243824852e-01
2.807033998250811901e-01
1.845921019793959061e-01
1.492046562042873337e+00
-1.492092375588460751e+00
-5.144081382028324434e+00
1.037545057574738472e+01
-3.249821753183344430e+00
6.139017528473861951e+00
-6.096552823604397986e+00
-5.200753758792203030e+00
-9.681993861928102518e+00
2.721280353735584523e+00
3.598071440814249566e+00
6.217430470347389715e+00
6.998120824016190511e+00
9.833569157613693434e+00
5.549485962914313397e+00
-1.913126923936140145e+00
-5.237885620400816400e+00
5.000185244848465160e+00
-7.681205905825641445e+00
1.017276601585777485e+01
-8.584952446674776638e+00
-5.539242561035710111e+00
-1.893427987777470456e+00
5.881492855117389063e+00
1.600511878495874285e+00
-1.148541188223497045e+00
-3.605803540790656125e+00
1.132223671553849442e+01
-2.623474153733208247e+00
-5.152803457545759969e+00
-5.790358446281044458e+00
-1.344086493081596334e+00
-1.132779659389008931e+00
-8.435136837403465648e+00
2.601160251545377555e+00
3.560478580873407406e+00
-1.813556681692452432e+00
-9.926057592341088309e+00
8.896126693584553990e-01
-1.060358732878505350e+00
3.949144833394266918e-01
1.320446633328662500e+01
5.596324314604821382e+00
6.844328758644024902e-02
1.429090609960972813e+00
-1.262886676356678883e+01
-2.409106038944507588e+00
-8.251214837389717616e+00
-1.025512238090462169e+01
-3.596886475297661701e+00
9.982332408456366935e+00
8.049846170052598282e+00
7.623998806263029948e+00
-7.417514114598955821e+00
-6.861500856390672531e+00
-7.436327668900247212e-04
-6.801483739376985582e+00
-1.985320709792972149e+00
-5.869351522015357148e+00
1.779433809313648585e-01
8.191344453184310481e+00
4.436152532254999947e+00
4.287349396601143781e+00
-3.018256093186938660e+00
1.966894355605234290e+00
-8.599520302302039454e+00
-1.234468012651730451e+00
-1.199607855069305451e+01
-1.767356899509429979e+00
-1.923486437283428074e+01
3.385380220798395179e-02
-8.538966148314109939e-01
-4.591916940274497705e+00
-1.113597633320989466e+01
4.354248236134623085e+00
-4.634316009682505566e+00
-3.101978870123005105e+00
-4.627877517731644019e+00
-1.531967465868333544e+00
5.286897367726603569e+00
1.249012867648618963e+00
-2.059796592717856534e+00
-4.352835457314831125e+00
-7.433572804049614291e+00
-1.953601805233639688e+00
-1.110433826474831598e+01
-4.787654524683050639e+00
6.975577819895556253e+00
-8.958567553966741315e+00
-3.621509587266433350e+00
-2.862044870477384428e+00
-5.614956318836229698e+00
1.358062806837425196e+00
5.826052182100510457e+00
-1.267865978930854842e+00
-1.332906892111873098e+01
4.841577768548939176e+00
-1.109588374296089519e+01
5.018215638783448895e+00
2.816313896320806087e+00
-2.521552490743627306e+00
7.509532044999057021e+00
-1.627192586805317642e+00
1.994037151355721571e+00
8.488753517416423477e+00
-5.184150950708545480e+00
-1.278436467397540355e+00
9.081086872638554297e+00
6.626666834776973936e+00
1.705493692213412515e+00
-1.268448338029904754e+01
-4.923328550400012382e+00
4.472540569566977098e+00
-6.873942747264660369e+00
-5.827810372394852223e+00
-2.347776664004716629e+00
4.918405098370103090e+00
-2.009719269676434550e+00
-3.064011486418672714e+00
1.472874069323855339e+00
-4.808869823216547879e+00
-6.562008884338442094e+00
-1.328389317276895376e+01
-1.240389223556603149e+01
-2.850660629023805903e+00
-6.278756597914342485e+00
-6.990454317956822372e+00
-6.943958935198544680e+00
1.139840714224390084e+01
-7.433174878801808383e+00
-8.673116642149869548e-01
6.298538070935311595e+00
1.840275934106418987e-01
7.670655161472158534e-01
-5.693279000230080378e+00
1.492163610670588891e+00
-4.298263447379158109e-01
1.504578049564830877e+00
4.578658625438793095e+00
-3.462256883337938573e-01
-1.664460316101999515e+00
8.919933290302655138e-01
-1.316701147951659046e+00
4.964335822715456814e+00
5.617331561021099429e-01
