3.902277791903092208e+00
2.134685735779181748e+00
3.114562105779224765e+00
-4.880690426949385596e-01
-1.140894763726168115e+01
5.159405948219796478e+00
-2.134778989296767904e+00
3.509932341358899421e+00
1.657101711345908512e+01
7.764357099585176059e+00
-4.530365086156423970e+00
-1.863864692792697841e+00
7.296569881606330910e+00
2.363867802434804766e+00
9.217459667203568685e+00
1.147194784484571173e+01
-7.965644548114381607e+00
1.674319521941480815e+00
-1.907685113371377739e+01
-7.478901723049354189e+00
7.003135394228854338e+00
-9.413192625640141031e+00
1.049652976155784678e+00
-2.759417179595636593e+00
4.797770787760416988e-01
2.832434881057313003e-01
-1.025137826788117401e+01
4.698950597366649440e+00
-3.182435821599125525e+00
-4.739827464367651899e+00
-3.914233312944586540e+00
4.873993136906381807e+00
-9.080661531245354468e+00
2.978326124881666370e+00
3.425438643743314415e+00
-1.780309043971098237e+00
2.891053248301163947e+00
-5.316905515944920779e-01
6.367632672773520852e+00
5.932213437452112714e+00
-1.246928762467389440e+01
7.043806841782860317e+00
1.247056626585809447e+01
2.333258095981270153e-01
2.479543995709400317e+00
-7.222249596954748441e+00
-2.279808573182559250e+00
-4.303501735973873643e+00
-7.200979666050320915e+00
-3.364928102248456732e+00
-2.139011934928559455e+00
-1.867855315157280760e+00
2.964157856617420705e+00
1.511829126059456740e+00
1.359629007572789838e+01
-7.452487023052480453e+00
-6.242241843443217419e+00
-1.393024266332805894e+01
4.841356639483254121e+00
-1.055400325846364851e+01
1.342485395639803691e+01
1.121912648057040585e+01
-3.919845671695219025e+00
-6.871048161495745710e+00
1.108588832701917148e+01
-1.513250525608012609e+01
1.137034821198424872e+01
-3.094981664829087542e+00
6.689839946190101472e-01
6.442498225156485514e-01
4.817585653678180257e+00
-2.113893079717814150e+00
-9.442077027887030294e-01
6.631325642423168354e+00
-6.040067140706804949e+00
-7.372281648733165937e+00
1.550819889033663745e+00
-4.803409908622687574e+00
-3.668175148416532583e+00
5.418909212707674783e+00
1.700046303964697358e+00
-2.037900587833646249e+00
6.231726188211032635e+00
-7.908682470960287425e+00
-9.732116163793245178e+00
4.846762078314103661e+00
-2.127595840379262082e+00
8.840291287469055348e+00
1.144661305818582875e+01
-8.396775460445343953e+00
-6.603942825353792401e-01
1.350771481712038025e+01
1.204716092977235498e+01
-8.667678470924755629e-01
-9.092258303786611151e-01
1.375567323026572808e+00
-4.130358448840867780e+00
-3.478264495394484346e+00
-3.847208360728012089e+00
9.157039791073476209e+00
8.964132369113814391e+00
-4.618487342819058483e+00
9.479847454378806049e+00
4.284075409235217791e+00
-1.733967214815847591e+00
7.997561138325935737e+00
5.813973876345608360e+00
-1.528329327299104357e+01
1.274661200943965866e+01
-1.647558675102057180e+01
-7.978653198555580861e-01
-1.433582665568884140e+00
-7.138666803611050327e+00
2.002020058464247132e+00
7.531764308403751329e+00
3.952719926947896756e+00
4.502642296615728235e+00
-4.721859418899530425e+00
-1.474013475859511857e+01
-1.831622712567702393e+01
-3.286581501478010203e+00
3.145565030508547189e+00
6.120230642668802901e+00
4.282359614406051840e+00
-2.455341287961194663e-01
-5.121825402486773093e+00
-5.465793038274430415e+00
4.158473285959074950e+00
-8.038587057866031671e+00
-7.100469780380711526e+00
-1.104332961075961173e+01
-4.515500882677838668e-01
-3.750686454123265179e+00
3.926777101077358445e+00
6.998555869038490584e+00
7.319380078855665772e+00
6.876245346788927293e+00
4.149951360006244094e+00
-2.669505555917284223e-01
5.808216504147926784e+00
3.994861356818715237e-01
-3.683337371872670296e+00
-2.847367285117611058e+00
6.092245210782607501e+00
-2.047596106510167502e+01
-7.342200428279540780e+00
7.505480589452629303e+00
1.787260543260983781e+01
-5.573487929171283994e+00
-4.301970457773247603e+00
2.338488354958802695e+00
7.258397704850049870e+00
9.457254726809864565e+00
-4.479688728818238985e+00
2.473464382922137439e+00
-1.481731684342143751e+01
5.764183724319875690e-01
3.756516106749973716e+00
1.017068840571011634e+01
-9.555334406406892356e-01
-1.337294552868194586e+01
1.938622448800575881e+00
8.738031728439557000e+00
-2.195946629679027318e+00
9.029229651420395797e+00
6.437871143515280892e+00
-3.843919970893042048e+00
-9.940656886622837973e+00
-3.574671754047320515e-01
2.049624384362781493e-01
-1.612594567278812718e+01
3.704987554312639819e+00
9.777980720973186379e+00
-1.484554522257101272e+00
-3.203072869283545288e-01
-7.867851751291619955e+00
1.026555718278468987e+01
4.642213218450180534e+00
1.296325836790225061e+00
8.740495104916616853e+00
-6.365692234140809092e+00
-6.809657257265222974e+00
-8.083349430416234327e+00
-5.411704917977566254e+00
-1.053985156569215142e+01
-1.023042393151789042e+01
-2.487262842428613840e+00
-1.005374257504874258e+01
7.483519079296565124e+00
-9.732577225477406557e+00
-5.589650979797194275e+00
-4.908876079741918419e-01
1.508207043806221037e+01
-3.036755113284041130e+00
-4.226691339465133979e-01
1.063364107702042105e+01
-5.334728631915858443e+00
-5.611873616954622612e+00
9.990790604689337329e+00
-5.292795488433553075e+00
6.845139801618425501e+00
1.284844979644214824e+01
2.756098180123975894e+00
-1.635901081300711368e+01
5.974579424876034217e+00
-9.571160255768035086e+00
1.350116783186153668e+01
-1.658903008151432346e+01
-1.260101082496095426e+00
2.597860920060617751e+00
3.940634991614575977e+00
-1.205701334410520520e+00
7.305669608824738148e+00
9.088587216851111705e+00
1.011053684602440228e+01
-3.987882050555558777e+00
1.358063139841160005e+00
4.050804833808390182e-01
1.217046916408044410e+00
-6.657197851334434091e+00
-5.202139086749835606e+00
9.752503998178612576e+00
-9.942830241935165958e+00
7.489659335760496361e+00
1.281975198535956206e+00
-1.066153074837269177e+00
7.006172730938701854e+00
1.178410328941812146e+01
-5.127031049230437176e-01
4.464472502210768745e+00
5.054410275262457120e+00
-4.684255004974132497e+00
3.260315429371903662e+00
4.339772557556965893e+00
-7.325586650248672171e+00
7.271788699777673948e+00
-8.555428810976017928e-01
7.931893656215032173e+00
-3.741387804363458525e-01
8.395389388138033482e+00
8.430735345768729516e+00
-1.435586829044145496e+01
-3.470940558870188930e+00
-4.352846256105115330e+00
1.425575600619996663e+01
-1.148953634057259521e+01
-4.209430548345991951e+00
1.225156401487637048e+01
8.853149370787111172e-01
-7.066458947472110452e+00
-1.183859370224483776e+01
-1.641554289993272686e+00
9.045267035064009420e+00
4.367625570672164947e+00
3.812324602985623034e+00
-3.045958729043632740e+00
-3.405361360139144811e+00
1.233242333271814761e+00
4.960503059947559024e+00
1.928557905153366292e+01
-4.574673182731467946e-01
-8.925220108101335370e+00
-1.103671419174371415e+01
-3.444837326599969884e-02
-5.122071755623169409e+00
