-7.875284602844859982e+00
-9.304592894042588824e+00
7.369297525565776663e-01
7.325429898489931091e+00
2.170204626141208681e+00
-1.009651667870384095e+01
2.971518475555396055e+00
7.620545320828284730e+00
3.722396753018361260e+00
-4.380972205149866738e+00
1.040019530580941876e+01
-1.042953466272259178e+01
1.426536760815192828e+01
2.967860548971991363e+00
-5.819216034598905019e+00
-1.023582666762421933e+00
-1.957097775236382731e+00
-3.819065004882057579e+00
1.694652178446283575e+00
5.937646254572643834e+00
-6.711848270295259766e+00
8.873130676908413506e+00
-6.021517013833028287e+00
3.215217670244203241e+00
7.394038365838504490e-01
1.704581030235680084e-01
-3.467096343215116061e+00
-6.858435103166741875e+00
7.343748372236798438e+00
1.883104825194629850e+00
-1.593301929578651510e+01
-5.152687642296621462e+00
1.079168855808443617e+01
-4.036351030958718944e+00
-3.147255572472040797e+00
-2.270775160327305642e+00
3.989206426460927268e-01
-3.497124747667561984e+00
-1.007078517020803154e+01
4.702318100011678048e+00
-1.001236505575092917e+00
-2.764832634814429757e-01
-3.863090279220365630e+00
-5.070485398241966202e+00
-1.100309428613265084e+01
-1.590499701941682886e+00
2.389337285094117469e+00
1.043376850232026865e+00
1.468814069457055993e+01
-1.689530989778500469e+00
-1.334352431383865500e+00
1.459878468509326233e+00
-1.821246454485361266e+00
7.251141604524608653e+00
-8.365982857052005173e+00
4.287017860413535608e-01
3.905820042790090874e+00
-1.090735671604179302e+01
5.513257456752521435e+00
1.131891794102567772e+01
4.302506600140667103e+00
-6.333179444991096751e+00
-8.499257540116309073e+00
-1.010053336155961601e+00
-9.468993407785125882e+00
3.069581501054157169e-01
7.062065268423143749e+00
-9.011150156303026293e+00
-6.973483504719167669e+00
-1.228123347953789590e+01
8.233103362960281224e-01
3.346378444331376656e+00
7.985623569516929976e+00
1.407828050351116023e+00
2.736413000958382580e-01
-6.718977067415979221e+00
-1.958357993534597608e+00
-6.436292149044935407e-01
-9.941553924853887558e-01
-1.930774366180568968e+00
-6.190067221464072844e+00
6.745216908976939152e+00
-6.362270655062046032e+00
7.224603574462229005e+00
8.053174684780220360e+00
9.214015785339995546e+00
-4.679239253102690732e+00
3.387370261785625836e+00
3.359530827381944640e-01
3.148502026563821499e+00
-5.510921392602201152e+00
-3.135600768159949148e+00
-6.618657114105044315e-01
1.363698370505329160e+00
1.589372368470226426e+01
-4.950500575126640435e+00
-2.002487953777951635e+00
5.780609713730635590e+00
4.774761441762949143e-01
-1.012528086508730496e-01
1.356727275308432112e+01
1.538349488782952745e+00
4.322071169069362284e+00
1.300152203043485599e+01
-3.245630148391833281e+00
5.531458315493972933e+00
1.172394505141571841e+00
-1.534083045731467188e+01
4.273456421569243879e+00
3.075583769747493701e+00
1.099352566744507875e+00
-6.219854862703281029e+00
1.626796714726621129e+00
1.259189153808591755e+01
-7.617602091621005211e-01
-2.056180629871453647e+01
-1.404535784894349160e+00
-9.730119510955534068e+00
-6.627128708183766648e+00
-9.438919421335262072e+00
-6.125844102130934665e+00
4.267042614753204788e-01
-5.014957174613616786e-01
-7.139597160872584780e+00
7.138651796708693986e+00
4.885884580981066705e+00
5.896970834833123121e+00
-4.833126563189649172e-02
1.499551967486569559e+01
7.299105832457616572e+00
4.746902042847660042e+00
-1.081324324057132635e+00
-8.644621131611518905e+00
-2.902599432660652568e+00
1.105912832290725412e+01
1.280691842412999293e+01
-9.039750479948607254e-01
1.661795913621026699e+01
-8.063369589163071893e+00
1.560605800899655726e+00
-1.169073814244009313e+01
3.106927146426679442e+00
-6.263838801749756158e+00
-1.263848317860083981e+01
3.640503419136085217e+00
-1.679412452287047053e+00
7.805218949938979023e+00
6.888607312074157107e+00
2.151239237162680951e+00
-9.798910014677675306e+00
8.724594514505175979e+00
1.091882958562655759e+01
-2.660128149197297454e+00
3.596378370542480774e+00
-4.817081759966860943e+00
-8.562442740851906819e+00
-8.212670193837734445e+00
-1.508848958201268520e+00
4.904767680768538640e-01
-9.472908340495516555e+00
-2.524420810706934581e+00
8.697088507492280129e+00
-3.999993302989599542e-01
2.057543570014557233e-01
-4.563208360250006201e-01
5.970887421287060626e+00
6.955232006011871526e+00
1.388541207171066105e+01
-6.018327598170531978e-01
4.589597708718372360e+00
-1.340265686611354035e+01
-3.630081679927770200e+00
5.804744735360385377e+00
5.761775641653403390e+00
-3.338452543050433263e+00
-1.900278435182508163e+00
-4.746807991437707486e+00
-2.165169550380354746e-01
1.415409525966798920e+00
-5.384912659013431302e+00
-2.537448870834956516e+00
1.119913477549840231e+01
-1.069809787941755808e+01
-4.536814337052573975e+00
1.280436491840428737e+00
2.914423976493521806e+00
5.996272088231609843e+00
-5.090541182961771938e-02
-4.227934262835477242e+00
3.908931295707123166e+00
1.150205576101249960e+00
6.229086660349852700e+00
-5.335072086690297866e+00
-2.341488989477102045e+00
3.058206705450198459e+00
-1.226603196289536335e+01
-7.269880504962781487e+00
-1.450261213227512869e+01
1.692887503382578762e+00
3.110207158349664880e+00
-9.190447201474945871e+00
-3.714203400688300682e-01
-3.696074752751616899e-01
-5.145575491569981175e+00
5.517302006488119304e+00
6.513481546001304245e+00
-6.731192407418421508e-01
-7.702474108297866273e+00
5.283522196082818922e+00
-5.234720802919298421e+00
-8.351979453115649932e+00
-1.087516572903910017e+00
-3.361638719922159346e+00
-1.260932577393873100e+00
8.799695687487979257e+00
-2.263815695963817376e+00
-1.256105580170450153e+00
4.746590434533792369e+00
-8.185072332716911703e+00
-1.156829073900556004e+00
-3.511434664310755238e+00
5.297288014176814386e+00
-3.686313716544509234e-02
-1.298991802345548896e+00
-3.300892712440225196e+00
8.463906155310757740e+00
-9.061157052206183948e+00
1.582223971014292019e+00
-4.031963571136875757e+00
2.860047214207577682e+00
6.792585991893764330e+00
1.595055776264679981e+00
-1.474290076015895234e+00
1.150328984648286124e+01
-2.654312579189234800e+00
-9.448793900052805839e+00
1.049121893642566583e+01
-1.371023769968525929e+00
8.752228983840661058e+00
-2.297261388661859360e+00
-4.522290242355671452e+00
-8.635638822848992646e+00
-6.967290646664079379e-01
5.026343586142631992e+00
-4.356069928354040499e+00
-7.949714719103263327e+00
-1.969163384809021533e+00
-1.025652617433554781e+01
2.565406081966903340e+00
-2.738902283958058348e+00
4.102955634535570439e+00
-8.307878920520415988e+00
-9.900423520235257513e+00
7.414053311289556802e-01
3.926483390869848655e+00
-4.850805136940135043e+00
-4.304070154923020475e+00
-1.646277717537031293e+01
4.184908119154746586e+00
6.881748427433978854e+00
-3.267595693334389484e+00
-7.466635225403052800e+00
-1.379022462048206243e+01
-7.323193949691895632e+00
1.055766737372172415e+00
