9.851562999328013603e+00
1.359608549584629289e+00
1.080741879766286884e+00
-4.856293625826196170e+00
-1.215533632308603273e+01
4.336435337717638561e+00
-1.881536531024462278e+00
-1.526845310825222235e+00
-1.782583264437722192e+00
9.741483009278928407e+00
-1.551007321706589837e+00
-6.957818761812902153e+00
9.847087905322272405e+00
-1.618655382679631272e-01
-6.067953678993747602e+00
1.172061993379692701e+01
-3.296639094725878127e+00
-6.568632830994947547e+00
1.303437788148027643e+01
3.252886558973127062e+00
3.463816674285788544e+00
-1.823866567445847409e+00
6.664804905064751317e+00
-5.883732951400885369e+00
1.974942955568743663e-01
-4.076126849575091526e+00
-8.201511800956214904e-01
2.710155414962758691e+00
9.961911624538060117e-01
-5.613639345485205823e+00
8.840152093549153989e-01
-1.077286678611757198e+00
9.322885576941960295e+00
1.140027643447692718e+01
-5.215704982195361161e+00
-1.948866316143430810e-01
1.584702120292552419e+00
-3.174439558296725528e-01
-4.279203380061430195e+00
-6.715527613880455604e+00
2.135604866340385932e-01
-1.546332702215387211e+00
-3.838194250424308951e+00
9.247967859370708865e+00
3.807340062328261610e+00
2.132756853007303999e+00
-5.058319068130558982e+00
-3.389636398302663611e+00
-3.223905593868667374e+00
-7.976204914369018795e+00
-4.432805862446754119e+00
-3.407096142417028961e+00
-1.758136255258869962e+00
8.981972090838631573e+00
-4.208073396637806773e+00
7.920870929670797089e+00
-5.045561763690467494e+00
5.375876880428696936e+00
4.294976017360733422e+00
2.440700773826683267e+00
-1.529570434787063782e+00
1.247007774296081806e+01
-5.567299693164297736e+00
-2.439238906561134179e+00
-3.184805493734392812e+00
-7.621148078140638660e+00
3.955557149488421409e+00
-1.741435013163401990e+00
7.802970734065462821e+00
-6.402572873476007231e+00
-1.452986925207001789e+00
6.257430303996676102e-01
-7.594167904661571100e+00
4.957918834767808036e+00
-9.779493472120314834e+00
-5.777816925383541857e+00
-7.291496825223283018e+00
-2.939753008527941525e+00
6.055940811835176518e-01
5.718702534417173133e+00
5.307643154613589154e+00
-6.538306131860212922e+00
-3.231459717312734625e+00
3.280450348015240714e+00
5.036662508774503166e-01
-8.896115884603100099e+00
8.403301303556704127e+00
1.857277201865370486e-01
2.999323948940269879e+00
-5.545258051489280859e+00
1.097189065762193572e+01
-8.902318381901505262e+00
-4.352597399199042982e-02
-3.099132405400021106e+00
7.528157131932657897e-01
-3.179856377142526114e+00
-1.203154321761759071e-01
-1.090114520018400812e+00
-1.203437190365626019e+00
5.833262186270781413e+00
2.629656632751788958e+00
-1.623503807658750731e+01
-8.015276625611834405e+00
3.110472550405996461e+00
-5.695879395741673124e-01
-1.713687053980539332e+00
-3.486228408232319609e+00
1.669339513969900102e+00
4.013456437877657379e+00
5.967055166655393705e+00
-6.725985386533910315e-01
1.082755977616527421e-01
-6.429505900356603298e+00
5.174423434741304284e-02
-1.190753623014950335e+01
-1.819355496998851018e+00
-3.189155453824465525e+00
-3.135549307407556885e+00
7.860068652456213556e+00
4.627264842291655356e+00
-2.471799570670582646e+00
1.166773685550627171e+01
9.538712968551063653e+00
-1.781961044811357864e+00
7.066070727309456956e-01
-1.397448593283500173e+01
4.592544514179917492e+00
-7.435859652567011757e-01
9.987007288759972568e-01
4.376285252878711063e+00
1.513845437190572074e+00
3.135106525624268059e+00
-1.369819654268993769e+00
-7.563705947476815794e+00
8.526801524469705740e+00
-2.303772110443968124e+00
-1.812026138997707259e+00
4.630240925839288479e+00
2.516039662534644616e+00
-1.498435812202052464e+00
3.051785560342799464e+00
-7.166884168742276628e+00
-1.041855703441504799e+00
2.618600283455372324e+00
-5.153271502331992160e+00
3.387927055679303967e-01
2.775244547253785665e-01
-7.353219027037008360e+00
-7.812662387139443609e+00
3.472631523584509328e+00
4.201043433743379296e+00
5.335861569966362516e+00
-2.911254774452071814e+00
-9.954675396121565711e+00
4.340240557879531558e+00
-8.905870751177236144e+00
-7.693549979045579690e-01
7.783552075286115368e+00
-1.860170319576519793e+00
4.201951836978464527e+00
3.746685451700241032e+00
-1.975827662352346969e+00
8.942366067500895355e+00
1.380904641446595971e+00
4.845237704629035136e+00
1.596539624170590876e+01
-4.897437772603876027e+00
6.437064257089594399e+00
-1.179028346245934111e+00
5.705292922479466178e+00
1.291921597875986549e+01
-9.021948187393554974e+00
-1.247671285813223463e+01
-9.508471723718862734e+00
8.812120417772465686e+00
-7.446088047380453823e+00
-2.034770625477714923e+00
-4.150633449357443716e+00
-1.568658353035212283e+00
-6.075968026871178651e+00
-3.927961682655174869e+00
-8.598176179855185453e+00
5.219232433809354532e+00
6.968351574375892810e+00
4.685078058431582093e+00
-8.206479920100395731e-01
-4.796103383007151777e+00
-1.019021124608794793e+00
-4.593903040151756656e-01
-1.456178332438466860e+01
-5.722841274117643900e-02
6.682809568448551119e+00
-2.470876601416994944e+00
6.626713787328478489e+00
6.224778401309070119e+00
-2.497421065311208110e+00
-6.079458885775550492e+00
-9.290272986587178039e-01
-2.795533359532337947e+00
2.963475717216668581e+00
5.525834932635213192e+00
-1.151712766552628686e+01
-5.441930283169184257e+00
-7.708334548100263639e+00
1.329129778914064808e+00
4.728514101958124272e+00
6.641925132558215150e-01
-4.671602341784059753e+00
-2.154436149254652655e+00
-5.493592900099153908e+00
-1.892338374631539644e+00
4.446596166492901681e+00
-2.170768857401117025e+00
2.802318334719057891e+00
-4.246966926566296152e+00
-3.025189036650206997e+00
-2.023137922559126167e+00
-3.091038216097822033e+00
8.793253830914908420e+00
3.702488545131887854e-01
4.539358207432568015e+00
7.804976664765467476e+00
3.416858384082754441e+00
1.502895034055941048e+00
-9.077278552160370495e-01
-3.718709380638246298e+00
3.924857442447687639e+00
5.924729244672057860e+00
-8.782923501489582563e+00
-1.103960369523256269e+01
-3.155650940466565135e+00
2.721162101249117171e+00
8.569579029286655825e-02
5.885661432552192096e+00
-1.815564244616304723e+00
-3.697649875805439468e+00
6.666530352814231009e+00
6.976147801774549073e+00
9.089192869617233939e+00
-5.791701742629555838e+00
-2.323928545801700718e+00
-1.847224149121577952e+01
-4.444970759727451259e+00
7.976789344832857509e-02
-1.678025323174609174e+00
7.165762043628588707e+00
5.767777534692169361e+00
-3.229720571678373453e+00
6.829903553828533536e-01
-9.602260311881195776e+00
-1.827134456157063935e+00
6.709344513807694810e+00
7.009169902755798542e-01
1.466035524133459500e+00
4.077427134399126629e+00
-1.136324214914726838e+01
-5.909641038327253959e+00
9.120079255889935510e+00
6.109731187730653268e+00
4.831958565388204008e+00
-1.301893046939592624e+00
-1.458547088510687706e+00
-4.871737356091159654e+00
2.792792470455737419e+00
2.756678630834325627e+00
