-8.457934603164517506e-01
1.062230645205691992e+01
2.637767101867300568e+00
-8.638652842390299735e-01
-6.597501523777520305e-01
8.289744462488002341e+00
8.080392283386945707e+00
2.136761053839363544e+00
-5.436289373375633893e+00
-6.014188938845904886e+00
3.747061670878336415e+00
-2.757071364989851059e+00
-3.128978446373642530e+00
-3.530728209202005807e+00
1.522620226783497621e-01
3.317629326357307562e-01
-1.672184421378200447e+00
-3.622203768194442564e+00
2.431898147627872930e+00
-1.314564641988050786e+00
-9.052539733651864040e+00
7.129986265163678283e+00
-5.758784910997165163e+00
-3.103202526896986058e+00
1.097975997062927433e+01
3.512873686152268249e+00
5.138699709736992638e+00
7.754317021443170255e+00
-1.255247684081491677e+00
1.675347076358083998e+00
-5.845168830893356926e+00
8.926284343156081214e-01
-6.451511412437715975e-01
-9.774987982375358264e-01
-5.151892918587709147e+00
3.385617982017614214e+00
3.258898289279970495e+00
-2.928457986502325028e+00
-7.318252594535071154e+00
8.442503244486626812e+00
-1.547913170192849464e-02
-1.186467776983080746e+01
-3.098120184069837357e+00
9.620149215048319213e-01
-1.253858145037200700e+01
8.316742402403161094e+00
5.162665726730713445e+00
-1.808179778893881595e+00
-9.288643846724745856e+00
-1.186204253958422328e+00
2.773955890232167043e+00
3.009779039469398398e+00
-1.368886668626928760e+00
-1.065396258552798070e+00
1.687530519685704000e+00
-5.042337676428330084e+00
-2.077290126985325003e-01
9.979246799379593025e-01
3.725015999180986359e+00
-6.781482593452230034e+00
-5.088973642415413501e+00
3.274015172464024737e+00
-4.522552435050847031e+00
-2.623480245822182866e-01
8.633657136496406537e-01
-1.946407224958499604e+00
5.074298489033598258e+00
-3.614710804513609155e+00
-1.609380105447911324e+00
-3.000759350988425389e+00
6.053779266904779632e+00
2.998482777220301543e-01
3.030428546251902056e-01
3.042751343167912292e+00
3.444751533433076940e-01
1.353884772865931119e+00
-6.695861240174875384e+00
4.714740861998426347e+00
-1.140964674705596060e+01
-5.011508910180257459e+00
1.929185091206479408e+00
-4.741925491600963660e+00
-8.074421855240824897e+00
-4.899984932931683801e+00
-7.755618510342356942e-01
-1.914272057314687414e+00
3.140907143340949226e+00
-3.896128111406645722e+00
4.900097660042902703e+00
9.764345939200735458e+00
1.702902436387231688e+01
-5.474833764074675813e+00
3.642650034513472690e+00
4.184717194074294433e+00
1.251459364310729461e+00
-5.183072552567504765e-01
2.611267153768933369e+00
4.490329834339973125e+00
-3.851478912217798367e-01
-4.172909886336406693e-01
6.633385962611136222e+00
-1.175469759255122071e+01
-6.972400044974942368e+00
-1.040572507223651755e+01
1.084794534498338514e+00
-4.361215593140890689e+00
4.996645786036832959e+00
1.336964658903894598e+00
6.394824835850023703e+00
-2.290804994930392802e+00
6.321048297604660249e+00
-3.095763587074211287e+00
8.510919392796401084e+00
-6.828633565552526541e-01
-7.446591220002515499e+00
-3.983433744399480503e+00
1.176070897083591404e+01
-2.302941103168399284e+00
-1.163054770361645618e-01
-1.687120313447574738e+00
-8.854920961101752752e+00
5.344413552848935822e+00
-1.339041999302982511e+01
7.287690933140344995e-02
5.908220320577038720e+00
-2.304489213018902305e+00
2.412253554805618538e+00
5.675252527559065285e+00
1.562427634166980273e+00
-5.415876376942494019e+00
8.097216544785943881e+00
-2.291478216550465685e+00
2.901023236257881166e+00
-7.963618251833326944e+00
-2.068301996374946494e+00
-6.812196029192736368e-01
-1.489610344540158060e+00
7.763788191987332610e+00
5.481577087259915659e-01
-1.658204099177241098e+00
1.772822127807573755e+00
5.929937022159546878e+00
-4.169589135089292853e+00
-1.360162874764048269e+01
1.345873356662794151e+01
-6.408163122202880757e+00
-2.722679534823246428e+00
-9.043578476714088765e+00
-8.593767093263371848e+00
2.886690805150005090e+00
-1.255495775283025317e+01
1.253889863579900243e+01
1.686113057637439461e-02
-3.423152541134919069e+00
-1.769951288421484303e+00
-2.092660552903717441e+00
9.477550009921733576e+00
-4.500300271874039026e+00
-6.270084361310277465e-01
-7.111978346553328834e+00
-4.192848065316018946e+00
-4.069390460144539645e+00
6.164460037198344011e+00
3.310172429918671000e+00
1.511270279958470297e+01
-8.804992469262398203e+00
5.329199391870236724e+00
4.844811904765195187e+00
-3.136578395621870463e+00
8.670039177507534944e+00
-2.701985370905282124e+00
-1.148851980625917513e+01
1.684402547115886328e-01
-9.608959688861196113e+00
2.544271120778299533e+00
8.153734798136667905e+00
3.173837506234578942e+00
8.106429154426180617e+00
1.087709419445689107e+01
-6.593844696824083584e+00
-3.566804291686029416e+00
1.061482800347378408e+00
4.282775431080894535e+00
-2.448744955661296352e+00
9.997602802188954030e-01
9.727657545458495036e+00
-5.524559930773143890e+00
2.121189350087027581e+00
-5.915522083409300080e+00
2.501402550717736872e+00
7.573929995268495752e-01
-2.736140906909175108e+00
-4.295653809644211840e+00
-1.010930989237591504e+01
1.168435468181005810e+01
-5.782791350722810364e+00
-2.164610314019239201e+00
6.753493839882738214e+00
5.612626830955696811e+00
-5.010398840209702165e+00
-9.552819770164816759e+00
-3.199408810702259132e+00
3.717426471800962418e+00
-7.217135184993964003e+00
6.140812336628174606e+00
-9.600700297069653111e-01
-2.596525622048758031e+00
-3.093366637207064507e+00
-9.704014757093505139e+00
-2.193331778273110988e-01
9.162909403041235024e-01
-6.053860777563426776e-01
-4.026950843353786169e+00
-3.499097639535867721e+00
-8.838076720424867805e-01
-2.371581326166125159e+00
6.598880635421986440e-01
-8.005639576318143824e+00
2.684425408769576471e+00
-2.339001713015610662e+00
-8.990765378814060682e+00
-7.272086326722281058e+00
4.551308159474008797e+00
1.389104290073781334e+00
3.315496061989766652e+00
-8.469125199958757122e+00
-4.928078921945720836e+00
-1.339073132811810218e+01
1.701545072604526609e+01
3.958370489032387307e-01
-6.016030218818105624e+00
-4.404558108560748586e+00
2.297213316132558081e+00
6.380536838024575275e-02
-6.387942106139409937e+00
-3.909015862119938678e+00
2.355223499254135433e+00
-1.818448685987901214e+00
7.327501789251302355e+00
-8.821820720694883988e-02
4.324935484858907664e+00
-1.061686474377641609e+01
-2.127678620983785240e+00
3.372260060493164957e+00
3.713966633371168058e+00
-8.922692688388194071e-01
5.385497122170826323e+00
5.011482445815875764e+00
3.627435859348203007e+00
-8.892309668857591998e-01
-4.294485091903486484e+00
6.838085560630455362e+00
-1.068592010754612787e+01
-1.572849635747175068e+00
-8.684355175452523667e+00
-1.631008034577602794e+00
-1.582591447763686432e+00
-3.825006968020314702e-01
-3.705801791832334935e+00
1.138722538679738960e+01
5.227443139698234598e-01
-3.851596505589982122e+00
-1.908243743268451587e+00
7.218261980339637063e+00
-5.217245295498226909e+00
