-5.433313829530447281e-01
-5.668988986100635952e-01
-2.345921116297602360e-01
-1.000000000000000000e+00
-4.559935739468248261e-01
-5.045326725657977018e-01
-6.384490355852348031e-01
6.204138553657088107e-01
-5.863804092081048580e-02
-8.415419575727433044e-01
-7.086290105608497036e-01
-8.328757757173390619e-01
6.347097658784048857e-01
-2.436261885401780347e-02
-3.498164618164865125e-01
-2.308966732544648903e-01
-1.000000000000000000e+00
8.065110925992742263e-01
1.000000000000000000e+00
-5.098580148172984217e-01
1.000000000000000000e+00
1.000000000000000000e+00
3.828384062523335629e-01
7.979635150134501975e-01
1.000000000000000000e+00
1.000000000000000000e+00
8.245762117714965367e-01
-6.232458110182597100e-01
5.655089875800085597e-01
2.343790028241376500e-01
-1.000000000000000000e+00
-3.044115511708951338e-01
-5.207116278569261514e-01
3.350310046957822863e-01
2.273725917233437310e-01
-6.221982065312722243e-01
-6.210137556388690694e-01
7.934391456098643935e-02
9.080922180592442272e-01
9.204819410184144068e-01
2.353733185160138408e-01
1.000000000000000000e+00
-9.620614427746432273e-02
1.000000000000000000e+00
-9.474336012530590878e-01
5.645466769677076613e-02
9.084167978094768170e-01
-2.367411609786465032e-01
-2.207697119244078632e-01
5.260067042285330174e-01
5.758722870166204100e-01
-8.242851630199736768e-01
1.000000000000000000e+00
-1.000000000000000000e+00
-9.000177588478011081e-01
-2.075960466197244170e-01
1.000000000000000000e+00
-1.000000000000000000e+00
2.093403967620610651e-01
9.651650916331100394e-01
3.515036885300326652e-01
-4.877883139493770503e-01
3.863022692558391036e-01
3.092994039357765956e-02
-6.876121185644779032e-01
-5.189643968652271067e-01
9.901709390191135718e-01
7.952672422323590062e-01
6.706575667870606772e-01
-4.502682254329442024e-01
-5.058954732153684297e-01
5.590801788299109010e-01
2.474671952355711468e-02
-1.000000000000000000e+00
9.165242524728838269e-01
-1.000000000000000000e+00
4.241906489412061720e-01
5.282999359228262026e-01
-9.708829964179537253e-01
-1.000000000000000000e+00
3.232474781939198571e-01
-5.101957049849819015e-01
7.443088100649579708e-01
4.517606500099906608e-01
7.297907770298419639e-01
-8.830096614255378284e-02
8.775360994513563551e-01
-1.000000000000000000e+00
9.374000850349442082e-01
-3.846456615432629622e-01
1.444207717469401242e-01
-9.932425093287723383e-01
-1.000000000000000000e+00
3.344897925076870671e-01
7.041155009127164632e-03
-1.000000000000000000e+00
3.685411923089356723e-01
5.294141538411205605e-01
6.580219990075727998e-02
3.493104664146393645e-01
6.569912570816613950e-01
-7.680639489180249857e-01
1.199952945465407872e-01
3.222314808127539898e-01
6.061965031967850859e-01
-1.000000000000000000e+00
3.959236984418768035e-01
7.922414412343581347e-02
5.940606620719739439e-01
6.040589651098009494e-01
6.686722150950727972e-01
2.195506460895640943e-01
-8.306554135833057462e-01
-6.639284270756635742e-01
4.332942572139545367e-01
7.678515515715738093e-01
2.281561985403746107e-01
-9.414123121477566691e-01
-2.878095820102428704e-01
4.412636228840007835e-01
7.825988584172538509e-01
-5.037858500607934609e-01
-7.035980476444603227e-01
-1.194449828980913564e-01
5.357433301105798407e-01
6.511181275068422813e-02
9.407079555989832365e-01
-4.994515460428445852e-01
7.679406983687457888e-01
-4.675122401684284057e-02
-3.548356826536298581e-01
1.000000000000000000e+00
7.083523171295011966e-01
-1.000000000000000000e+00
-1.000000000000000000e+00
9.348044255182126339e-01
9.038830254418130927e-01
5.701471556871007262e-02
2.013493313208194468e-01
6.406409178123817494e-01
-7.051164061519130666e-01
-4.665582690175815728e-01
7.683645698267804747e-01
9.226992549436994207e-01
5.197072754658784710e-01
-5.401894463345235931e-01
8.004669925185854407e-01
-8.219173523160219208e-01
-6.560776838556148238e-01
1.984029610234088192e-01
5.206162687588733462e-02
-8.345598451382718608e-03
-9.332601013468246887e-01
-7.009653980847736499e-01
-1.000000000000000000e+00
-3.001170981466494414e-01
-5.098626983982512684e-01
1.000000000000000000e+00
1.000000000000000000e+00
-4.574392240917710684e-01
-8.642215117247753486e-01
2.102509810003190260e-01
-8.119887081250687366e-02
-1.000000000000000000e+00
-6.103051567134232247e-01
-5.986595926361597542e-01
1.071505558510876810e-03
-7.601574670887604190e-01
5.050141456119763284e-01
1.919267218888507376e-01
2.612289484100145387e-01
-5.665956990773857171e-02
7.157400954648087676e-01
6.299151098873740917e-01
2.104073983460723607e-01
5.357518767550562000e-01
-3.589842210117755172e-02
8.335223059452503414e-01
-5.626318562818033442e-01
-2.019966605103808988e-01
3.156397741219763020e-01
-1.000000000000000000e+00
1.073713584838753565e-01
8.513691210523277597e-01
2.571208163660956281e-01
1.000000000000000000e+00
5.188742205307286248e-01
5.778097013700633777e-01
-8.260447513705320155e-01
3.630124873831497290e-01
6.128348100174321189e-01
8.148257292579501598e-01
-9.253725843712506949e-01
-4.517059873389712710e-01
7.505927235478833115e-01
-4.997322144547313716e-01
-4.387312727894024378e-01
1.793782089875841645e-01
-3.218979842634087096e-01
8.783372750715592314e-01
9.246831406919731045e-02
9.814241181343954512e-01
7.972330161615337474e-01
1.000000000000000000e+00
-7.703903399094600424e-01
1.000000000000000000e+00
4.646085971234343859e-01
5.627070693521638578e-01
1.000000000000000000e+00
3.709440247241231337e-01
6.051665559953238738e-01
-2.240330046564147359e-01
3.993459430536960841e-01
-1.675456554112537688e-01
7.205858432526106583e-01
-8.906716447315110585e-01
-4.532521719077311495e-01
2.871422046725571331e-01
-6.512596018656435781e-02
9.608367852712182966e-01
1.121623737675823129e-01
-2.073976122546152823e-01
8.365665528139392126e-01
1.000000000000000000e+00
9.960651926625210262e-01
-1.905121205154871600e-01
-1.000000000000000000e+00
-1.388126852307782766e-01
-7.587579597101632434e-01
-4.843388895957432272e-01
5.825462653572810456e-01
1.000000000000000000e+00
-9.999818343081612326e-03
8.445090453319565871e-01
7.941640594024201860e-01
-1.747777992305175054e-01
9.858901711646890220e-01
-3.708833887205340019e-01
-5.952896999631942521e-01
-2.553170404236926316e-02
-2.474597108554250635e-01
-8.078316612881430991e-02
3.401492538829353762e-01
-4.547587705439719574e-01
5.697458926121201639e-01
1.654242118699456032e-01
5.983653557625587815e-01
-6.145869876367711093e-01
-2.984421385540381166e-02
-6.330197066210709878e-01
4.634413952092850675e-01
-8.228201869250226785e-01
-3.369904615752208343e-01
8.914284716198617176e-01
-3.191233447772279241e-01
-1.000000000000000000e+00
-4.492955540584924190e-01
-8.641385538976940062e-01
6.515379117089610261e-01
5.683882429094995192e-01
-1.011512222565060792e-01
7.124589640731318063e-01
-9.977638254641467697e-01
5.913122240480588321e-01
8.438928020975628996e-01
