2.645193844907078873e-01
-6.571650994834481452e-01
8.736410106903027550e-01
3.277890544950430307e-01
-2.294723857732816619e-01
-7.848012948452480764e-01
8.470025620103798225e-01
2.270782184887722988e-01
1.000000000000000000e+00
-2.076371077782723784e-01
-4.236580948578367867e-01
-7.347535470708368432e-01
-6.706345304924046236e-01
7.640771984394785221e-01
-8.436537826190593226e-01
-2.994907559211066328e-01
3.842894512287138298e-01
-1.597517868790239159e-01
4.694904190114288500e-01
-6.391934522295448229e-01
4.708388386271014081e-01
2.221419113050093763e-01
1.000000000000000000e+00
3.800284855401196982e-01
4.834470973288749196e-01
-1.326341097420188075e-01
9.627186067466380059e-01
-9.900182477732111241e-01
-6.421781738684966268e-01
-2.072671394177187931e-01
7.829764352016386209e-01
-2.936188836938735669e-02
3.285101602883377936e-01
-6.447375998253002116e-02
2.880744209109622478e-01
-3.548502913042697049e-01
3.928859562306330488e-01
-3.450071423792793190e-01
-5.483887521577219815e-01
4.334682794532438432e-01
9.516937702351240258e-01
8.202737958097767734e-01
-4.391851456344888494e-01
-7.799854498729830166e-01
4.346752081253322242e-01
-5.658892460062387997e-01
-5.404204054458650042e-01
-2.003746878652976626e-01
-2.375356831653079315e-01
6.895090639294321200e-02
1.930046835018275342e-01
7.327545806817434837e-01
2.790092535421564435e-01
-3.078169767990310834e-01
8.744573638056025722e-01
1.408053801443842623e-01
6.563828334166954548e-01
1.355861426444882056e-02
8.029331957199052905e-01
-6.076800818699474860e-01
-5.137559795361847925e-01
-1.992273851608983293e-01
6.434271389344448089e-02
1.522765856465135847e-01
-5.103549898441845922e-01
5.518515115297977225e-01
-1.902071159957190449e-01
-2.969378345535746977e-01
7.326020192771744988e-01
-1.792085551822020228e-01
8.732184082467231434e-03
-6.850506849328859005e-01
-7.782523301830246432e-01
5.997593413787953853e-01
4.263044423130937233e-01
8.934022859623065305e-01
-1.148541686879551715e-01
-2.110410765317873860e-01
1.594962054123778561e-01
3.789205620527504870e-01
-1.000000000000000000e+00
-9.715087593795876941e-01
-9.897010671014612182e-01
-3.864178779759808169e-01
-7.689199645013680140e-01
1.000000000000000000e+00
-8.723603925177636498e-02
-4.811274224380487907e-01
5.106915365865960510e-02
-3.175865733750815600e-02
4.152606386556461082e-01
2.103565582643320830e-01
-1.849110812772969403e-02
9.153942448507734753e-01
-1.795594191540228479e-02
-9.913334101964137446e-01
3.548467290447374634e-01
-3.189893865360282632e-03
-5.611618696565319198e-01
2.218163230716974077e-02
9.280986344644126529e-01
-6.073966563736347135e-01
1.000000000000000000e+00
-3.731621584669500002e-01
1.663691003157230508e-01
2.687016965232558174e-01
2.859942105366823917e-01
4.848644125575651831e-01
-8.620571875263756123e-01
-2.432407591402498959e-01
-2.324124969719654210e-02
-3.490638876712317540e-01
-8.783789430034816270e-02
2.995776456559919865e-01
7.410076897714912292e-02
-1.224484371516629810e-01
-3.732838892460170754e-01
-1.921153092330230017e-01
-7.351977324010627868e-01
6.236313541181548459e-01
8.839278402853114613e-01
-2.019957823553459875e-01
-4.954922878735568137e-01
9.319127896861165716e-01
9.704746032317101978e-01
8.307956384414376672e-01
-6.524537041644291602e-01
-4.926225310548204561e-01
7.530328856303718510e-01
4.730561515424613894e-01
-1.000000000000000000e+00
8.852550523760172041e-02
6.529115477707274628e-01
-6.468025217953650152e-01
6.136200910370448458e-02
7.328636131486163663e-01
-3.033890296545569409e-01
-1.105673682855954354e-01
-1.000000000000000000e+00
3.453699998153620943e-01
2.137018060923716600e-01
1.000000000000000000e+00
1.000000000000000000e+00
-7.843758229258408488e-01
6.306733499564387557e-01
-6.171426644799415939e-03
7.909194867389182093e-01
-1.251279299778673693e-01
-8.213603539781491047e-01
-2.091012385896970915e-01
-5.272546951266123827e-01
-4.836808728537342894e-01
-1.509662618934475287e-01
-6.239432703547587167e-02
-6.233100382463032663e-01
4.525616046640834611e-02
5.465508551804827420e-01
-4.373312225970338307e-01
5.618294137723562898e-01
1.630796130683027645e-01
3.350238943200756214e-01
-4.635733977581348864e-01
-9.755926741564111548e-01
5.185233729062912467e-01
-2.420957720146155179e-01
5.977497695083879847e-01
-9.726731525808149925e-01
9.458626750141498896e-01
4.627151893734025023e-01
-1.379927544008714424e-01
-5.127319653398278998e-01
-9.506502208483551541e-01
-6.588580778410868533e-01
2.983555465865359579e-01
-3.114076788718342925e-01
6.693496678308183956e-01
2.211403953131729772e-02
-2.903430379937261829e-01
-6.844654369291935936e-02
8.308702708891724242e-01
-9.330200655007903077e-01
-5.740385606555893361e-01
-3.938685909187880085e-01
2.799050905886719676e-01
1.000000000000000000e+00
-6.651222006995687330e-01
9.258570483467292167e-01
7.275824076941801444e-01
6.264743988252745588e-01
-5.409444144590205283e-01
2.796458281707789872e-01
2.621229570308134527e-01
-3.686817129064556831e-02
6.500435890683025075e-01
1.735219087119681536e-01
2.326816721105240404e-03
-2.268238428728508449e-01
-4.255087165882456279e-01
5.343652439709944968e-01
-7.335278134318528043e-01
7.251146471833578300e-01
-1.201871740055089344e-01
6.304707834826730473e-01
-2.519181766613649565e-01
8.102876029943861802e-02
2.436770229841689339e-01
2.871175378834833758e-01
1.784677353683794543e-02
2.018949698228482692e-01
3.069344353022718241e-01
-4.301913284984337782e-01
-7.212868826334148942e-01
6.221673312955682267e-01
4.056169825703337395e-02
5.033782695574702259e-01
-3.346360775305949886e-01
6.734118956458730043e-01
2.924393828659559436e-01
9.519168254982910415e-01
-8.167024774948061783e-02
-3.255896688690240737e-02
7.765174044862297453e-01
-8.824855592472078403e-01
2.387776121570377441e-01
-3.098419347038297023e-01
8.245397295926064629e-01
1.200521092427029313e-01
-4.750648619822270824e-01
-4.473778507310441910e-01
-6.910477152656793187e-01
8.579231219988581181e-01
3.435269876172959425e-01
-3.058233657342568357e-02
-5.407230854365472350e-01
5.809609720452393322e-01
-9.559580812956931517e-01
2.519748778236232667e-01
1.000000000000000000e+00
-6.209324567084075763e-01
-2.383658199460758631e-02
1.709527210988819323e-01
1.000000000000000000e+00
2.934154190973983223e-01
9.446077759463751278e-01
-7.811252200873617380e-01
3.393580536953284543e-01
-7.847798690278140477e-01
-2.100685743112020720e-01
6.631466706976578696e-01
-7.622121357995859103e-01
-3.100664135194286519e-01
-9.064243345591358469e-01
-9.941552573964442807e-01
-1.111667299690211053e-02
5.268015421849580049e-01
-1.567110839461216543e-02
-1.840743988081272597e-02
9.756951064094754322e-02
-3.869180016830586766e-01
-8.407266245803093341e-01
-4.246008732699744215e-01
-4.192636693249993662e-01
6.744925690810579244e-01
9.864251304534643605e-01
-3.153448367249978013e-01
