-3.000269135327873204e-01
9.224648226589351463e-01
8.304180487288130852e-01
-4.024196664460066852e-01
8.641215913294446604e-01
-9.223381496982205885e-01
-9.237849919141893906e-01
-5.589214788527112621e-01
-4.640261617398755423e-01
6.344497705329428250e-01
1.266573088369900013e-01
4.281930123062027693e-01
2.739936023036468882e-01
3.626757182248454559e-01
-2.852373199430398021e-01
7.746924896047779896e-02
-8.564559483856999389e-01
-2.469145769674874202e-02
-8.058374696352481603e-01
8.931268837257169135e-01
-1.496522669554882778e-01
7.173556327551056100e-01
-1.000000000000000000e+00
-4.120741512553258712e-01
-2.792402200072261476e-01
3.135187141711666681e-01
7.943331106539941455e-01
5.665764392029717378e-01
-9.098712622956863783e-01
1.000000000000000000e+00
-4.852000770152735676e-01
3.823204172869307804e-01
-1.000000000000000000e+00
-5.724113951587301852e-01
3.606061382594880071e-02
8.032054262806151979e-01
9.293826555689306268e-01
-3.599013224216289775e-01
-8.970097067087223763e-01
-4.991211459549034224e-01
-8.658996593618875082e-01
8.145264395640545718e-01
-7.302023302531330806e-01
5.157531832644939307e-01
5.462376426374890848e-01
-8.913689158062065854e-01
4.411978149677255878e-01
8.816293526861023189e-01
-5.073598569381512213e-01
8.686229226704076378e-01
-4.921115249736152109e-01
-6.299398010824046601e-01
-6.198714563774054831e-01
-3.958850633928552298e-01
-1.000000000000000000e+00
-1.439107165454633908e-02
3.891832680594542460e-02
9.323427899541205655e-01
7.333248021087417357e-01
2.205307038304464839e-01
-8.567771094433385137e-01
-6.075296572096502423e-01
-1.955214862547056676e-01
1.674608634330896351e-01
-9.335696074306636394e-01
1.000000000000000000e+00
1.584224639365203746e-01
-2.341686047977258323e-01
3.464397380696100370e-01
1.726559637963125393e-01
-1.863150432235629594e-01
-8.034077791756935039e-01
3.860885854622149171e-01
6.743968305192358237e-01
-4.929972788802072792e-01
6.600134517868447848e-01
-5.053094269083053813e-01
4.766253504364106330e-01
-3.433833297876580648e-01
8.112207649140092958e-01
4.984465801192929924e-01
-3.694604480158616422e-01
-4.249232798640816267e-01
-5.446853275420786566e-01
-8.061731401937790586e-01
2.201265639990659384e-01
5.862443989549641632e-01
1.000000000000000000e+00
-7.963479238142160410e-01
-5.444200745211005277e-01
4.840532826493906260e-01
9.235615326985586737e-01
-1.867326099678034979e-02
-8.366544452198318993e-01
-8.700273359858972100e-01
-4.460710270348000606e-03
-2.425167837079504896e-01
-5.370921672244397538e-01
-1.000000000000000000e+00
9.629380591439777870e-01
-5.226107311141812151e-01
3.701292307669989956e-01
1.000000000000000000e+00
2.442326932947271878e-01
-2.499964257204077001e-01
-5.613070504176449482e-01
6.170842639080897918e-01
6.059874416133408381e-01
6.665511300763702351e-01
-1.373333840368986536e-01
5.511546267115163822e-02
-2.183687192527150600e-01
-3.292063398666156271e-01
-2.205676069156017327e-01
-2.979178513015970364e-01
-6.877301831491438033e-01
5.480207734167972244e-01
-7.777488607795359776e-01
7.975966619879693020e-02
-3.364858520952989096e-01
6.268985129814858004e-01
3.938696506944374676e-01
-2.261892564996603738e-02
6.163263944336037081e-01
-2.295450122893842870e-01
-5.271896763991199553e-01
2.713744729603282391e-01
-3.560503078035292535e-01
-9.038407439505191654e-01
2.066181844982436511e-01
-8.723490308882571043e-01
-6.801289361571294378e-02
3.630354175215337875e-01
-7.455514758276087228e-01
-6.745349889650762432e-01
-1.414190108243851274e-01
6.191676608635170442e-01
6.350353310334502233e-01
-1.501870671097781107e-01
3.939272256124608518e-01
-9.037788024690991406e-01
-8.474152469314049085e-01
-1.000000000000000000e+00
9.451900912371511421e-01
-3.331585849856222303e-02
-3.016849213241630245e-01
9.720971600505747823e-01
-5.739751204616097002e-01
7.507287287446797741e-01
5.385838859289826530e-01
-1.000000000000000000e+00
7.214565408546591563e-02
5.149043848885428432e-01
-1.122013446456335828e-01
-2.603803145670486874e-01
8.208222627508015012e-01
4.819258253497133992e-01
-3.979741519829493868e-01
-4.303283543497309349e-01
6.994225025581572996e-01
3.180434205399904624e-01
-8.979986114091813576e-01
-7.353212802248889624e-01
-6.216068269210053288e-01
-1.326813720500630289e-02
-3.100413769518788332e-01
1.485554125722696739e-01
-7.114237310340167930e-01
-5.177267141483212765e-01
-1.504373832689578361e-01
-6.107798772861126047e-01
-7.466054936659920482e-01
-7.918485233729688488e-02
8.964708067857600771e-01
-9.588375450630788333e-01
-5.945231516875342237e-01
4.494467548147018654e-02
1.000000000000000000e+00
4.025902722259999678e-04
5.401961054960247033e-02
3.636601680202712350e-01
4.230208920112374926e-01
-8.531165055086460391e-01
-3.510189152211133923e-01
4.421929797735014711e-01
-1.860501139518118130e-01
1.000000000000000000e+00
-9.355842481912137742e-01
4.558176452649713717e-01
3.562666765465594132e-02
-8.292445671539705465e-02
9.250888833285356716e-01
-6.098726350211356451e-01
2.821856362454804312e-01
2.781774732494377567e-01
2.610930425347339767e-01
-1.069123010218127057e-01
5.702842150149944889e-01
7.722641369519742671e-01
1.331298143666215239e-02
-2.107547348742933035e-01
6.089137526968884107e-01
1.537851481484890925e-01
2.670097696440687507e-01
-2.511323865029269076e-01
9.779990541991068209e-01
-5.546710815270643469e-01
5.322233538530367625e-01
8.253245449096202613e-01
3.276004888707051421e-02
6.385796390983200510e-02
1.000000000000000000e+00
3.578760178569793116e-01
2.262587906322208742e-01
4.444952814942628727e-01
-2.235302944202555153e-01
2.298359996111030146e-01
-6.535719927269013629e-01
5.364928512029742969e-02
-8.606771672531481343e-01
-4.931073247164277085e-01
5.270845527358480886e-01
-1.000000000000000000e+00
7.656450244759847035e-01
7.106550893029084381e-01
5.367223653281993911e-02
-8.867155406418794072e-01
8.620256784784601223e-01
-3.827332258743776361e-01
8.103426892044327534e-01
-7.064848795909179913e-01
-7.532606235179499787e-01
-4.748325880424641987e-02
-6.931261989744171848e-01
-1.081602554977898478e-01
5.177245896878556186e-01
-5.499088871298585257e-01
3.244426826544148934e-01
-1.000000000000000000e+00
-3.639150227634266876e-01
2.330388045578191125e-02
5.348322383277137604e-02
6.771928923089787222e-01
5.997210232071000791e-01
-2.179711713964516129e-02
-9.936730166259979402e-01
-6.305968240348867049e-01
-6.491376122296739215e-01
1.000000000000000000e+00
6.617176774849142795e-01
-1.502785055512791956e-01
9.688201715622406507e-01
7.167495415886107057e-01
5.328961218195926719e-03
-7.887932462532589728e-01
-2.843202390256476253e-01
-4.296231622705772857e-01
-4.514368261757257805e-01
-7.712581559834008615e-01
-6.137716860145439046e-01
2.151257433792945761e-01
-1.000000000000000000e+00
1.000000000000000000e+00
1.000000000000000000e+00
3.334754151881189621e-01
