-8.393882189443557795e-02
-7.453400075996343688e-01
3.777382280685404048e-01
-8.552920026481396487e-01
9.366958359775243714e-01
9.025657386973140461e-01
-1.000000000000000000e+00
-8.773314084508521127e-01
-9.996041707587517422e-01
2.766682688411727931e-01
7.397085003994057217e-01
3.711394305961464024e-01
-4.062465634321390517e-01
-6.608518597116730398e-02
9.127344944547099992e-01
1.000000000000000000e+00
-8.851268769325739694e-01
6.316321747300075451e-01
-7.177096129818294479e-01
-1.907960557913137567e-01
3.940041858946823350e-01
9.893727430697685232e-01
9.252288525457916801e-01
1.286112547934001871e-01
-7.188183656405953137e-01
-1.335392164671314053e-01
8.697016564066806232e-02
2.628436672720024792e-01
2.442547681312268182e-02
7.065426254376082627e-01
-1.000000000000000000e+00
-9.474487220703251555e-01
5.141887446092354708e-01
1.301887063639861619e-01
-3.044991233292932975e-01
-4.074430341961909896e-02
-8.617423794543044302e-02
6.731532676320004516e-01
-7.357025947864948012e-01
-1.000000000000000000e+00
7.122861040443642100e-01
-1.279806369385335096e-01
2.450014762286163439e-01
2.218544267895234956e-01
-7.335819602231294922e-01
-1.966273931671214115e-01
4.392699424161590205e-01
3.948295648414339443e-01
1.430861211408407385e-01
7.206996973606161205e-01
4.208638970087827946e-01
1.000000000000000000e+00
1.349686202388242773e-01
8.817429317557599067e-01
-1.299562048859126406e-01
2.830249674384484049e-01
-5.395981455710805452e-01
-3.011843672596925536e-01
-1.807605579583659861e-01
2.915023068297950548e-01
6.310542351538752648e-01
8.537631679106207905e-01
7.272452228978572020e-01
-1.000000000000000000e+00
8.036099163551275737e-01
8.265775431985626920e-01
-8.961195857249080188e-01
-3.333452159912722035e-01
4.471967284510856011e-01
-7.596504613962484775e-01
1.590878000000348624e-01
1.440815824755681263e-01
7.787587656269774339e-01
-9.194776141674534387e-01
1.434420685084936142e-01
-1.000000000000000000e+00
5.297351413781081764e-01
3.478833940189538509e-01
7.203304572518181015e-01
-2.644906228660723890e-01
-5.106309013685004228e-01
1.000000000000000000e+00
2.661247191093030207e-01
-9.159663732056890773e-01
-7.099086304909194567e-01
4.265658100502127681e-01
5.042422159832127271e-01
-8.738336883893630391e-01
1.000000000000000000e+00
-6.051272880413971489e-01
2.158200880375304997e-02
8.140853026592203001e-01
-8.212832405468319941e-01
4.406683538495299590e-01
-1.183907279866831530e-01
4.758460364262304676e-01
-1.000000000000000000e+00
8.408044135552938947e-01
-6.425446862368071610e-01
4.323508641186021295e-01
2.476089407066495163e-02
-1.587137829958358282e-01
-1.000000000000000000e+00
-1.201668571977809741e-02
-8.490196417420925457e-01
-3.677827525131829312e-01
8.566912988485666514e-01
5.905239588756461266e-01
3.802130200924782599e-01
8.029497747625884418e-01
9.413334226204156385e-02
2.544040009942434288e-01
4.964645167259014169e-01
6.844166996766423150e-01
-8.601487016800613006e-02
-7.307748571106098545e-02
-4.996300472064680864e-01
-7.213671264852368203e-01
-7.943171883599245975e-01
7.605794953982325524e-02
-8.392893454020649013e-01
-5.158765148697250780e-01
-8.085469841366101917e-01
9.247803806718621900e-01
4.613518099932096828e-01
2.711941432511801864e-01
-1.334282512674138665e-01
7.764173230713722340e-01
-7.449969841426717920e-02
5.875998520217631249e-01
9.928100378668982540e-01
-9.018003089273722850e-01
-9.894020783452694978e-02
5.241977723002269052e-01
4.933829970328977854e-01
6.076882724637198141e-01
6.957976435106163482e-01
-3.336114343626901402e-01
-1.552659378679828173e-01
2.074121237890680369e-01
-1.000000000000000000e+00
5.391882282199849108e-01
3.754219970912038296e-01
2.321518250528800120e-01
5.605451679579827040e-01
1.793195404988972008e-01
3.660144870728293531e-01
-9.980309190711760259e-01
-3.825114772411519759e-02
1.000000000000000000e+00
-9.051791488465861235e-01
1.869900589036674887e-01
-8.726875108779685863e-01
-4.939686670714338312e-01
8.541502183970324236e-01
7.836579991818144464e-01
-5.790914540165124080e-01
5.789276014601498765e-01
-3.036236567437213818e-01
7.730140135685681368e-01
-9.634877705330069375e-01
-3.685684055286586602e-01
-5.607471365771137251e-01
8.446690632705113888e-01
-6.368205815172007789e-01
-8.308448673929347272e-01
9.159754801080361997e-01
-8.527024877044759865e-01
-5.261390076924628012e-01
-8.688153599296088991e-03
1.323491733193769004e-01
9.777107522544223883e-01
8.781728936987669432e-01
2.791388879816845137e-01
4.606830680281537305e-02
-2.833454474055090433e-01
6.091849620828242440e-01
-6.592560806470775248e-01
8.507294848616273608e-01
6.371441555086871933e-01
-9.100825689166984755e-01
1.000000000000000000e+00
-5.401679161951666863e-02
1.729229896760466900e-01
2.586405892420611252e-01
2.260759611910148070e-01
-5.880981076730613655e-01
5.681541927007665027e-01
4.032409352085049026e-01
-5.319654703370790827e-01
8.056694459701747579e-01
2.885412463229302116e-01
1.597124673032173092e-01
3.942584905116373051e-01
-6.979959578466288228e-01
4.826984737366142308e-01
2.877623789699452761e-01
9.090118578905659330e-01
3.651152492978682051e-01
-8.083548294563924763e-01
4.323900992264244625e-01
-8.860438856076260361e-01
9.129389659024533810e-01
7.928871975210248779e-01
-4.475629043565654275e-01
-6.692861915913117521e-01
1.000000000000000000e+00
-8.187429385507847268e-01
-6.846493938318598538e-03
-8.574775654783770573e-01
-4.312224605909429354e-01
-7.421129729874247349e-01
7.388677695153069713e-01
-7.415911029420330092e-01
8.957519131840880888e-01
-1.758481190739300537e-01
-1.451787123139678393e-01
7.461553391213635589e-01
-6.046586510285842930e-01
1.000000000000000000e+00
9.946533990573214190e-02
3.849326930189083118e-01
3.414321047323394254e-01
-2.115658097598438481e-01
-7.733696835226187005e-01
8.170434307963487797e-01
9.102848743666132059e-01
8.857644220084739395e-01
-1.399749213212819754e-01
5.328428688487756304e-01
-9.359686751004545613e-01
3.898988692600977579e-01
1.520359837806014580e-01
-4.048367560817989208e-01
8.935583378619562644e-01
2.518745931013379735e-01
-2.729639223811239912e-01
-7.460471486037214550e-01
8.910382235177924382e-02
-4.226574953679895774e-01
4.083990717809238280e-01
7.259334294730124260e-01
-8.374599060892522484e-01
7.515519976523408197e-01
-6.152667078158060576e-01
4.314780868189300733e-01
-1.000000000000000000e+00
-1.852055378225654358e-01
6.850905204308304075e-01
-1.844578529920264387e-01
-9.327515550688780799e-01
-5.359673286298871631e-01
7.870641207410544737e-03
-8.942876122890988100e-01
-3.130317445876313887e-01
8.571391633689080525e-01
-1.000000000000000000e+00
-8.731492254522876806e-02
8.905586494852906210e-01
3.589582730448770964e-01
-6.109585745327064110e-01
4.948682019895467299e-01
6.344564447088383297e-01
7.171297377198577738e-01
4.072044290386123144e-01
