-5.927555130161989982e-01
-2.306040594295266644e-02
-1.000000000000000000e+00
-7.382831308519621771e-02
-8.549492287135340707e-01
-4.005537010670805476e-01
4.259060651709021261e-01
-9.404135811786824561e-01
1.852308715147212848e-01
2.697710342258849980e-01
-8.834461631565244666e-01
-3.381171805079996595e-02
-1.626701949006026382e-01
-1.576128249073049936e-02
3.392994131242961231e-01
-1.333577670034120644e-01
-5.507668315224623079e-02
9.285748099974289183e-02
1.000000000000000000e+00
3.820614616848527767e-01
1.772593911067577022e-01
4.286330105284508196e-01
2.432063769431622724e-01
3.049146626422121198e-01
-9.497495525564871865e-01
-4.391086171473803645e-01
-3.795015449284369069e-01
-1.881635397425931999e-01
6.908143483651558725e-01
5.213116754644768758e-01
7.441421990461847269e-01
3.099923104749067182e-01
7.149583473123213295e-01
-4.518901509697101915e-01
3.300617429818242243e-02
1.330724563705791841e-01
-8.941834309997807040e-01
-8.762576658745788727e-01
8.057756758034668731e-01
-7.272947599950025932e-01
-6.566217170902444167e-01
1.000000000000000000e+00
1.173219276376702425e-02
4.694619154284620510e-01
1.976382908306328900e-01
-4.193247200192253832e-01
-8.132519536532210047e-01
-7.946917789160037326e-01
9.706284318568294545e-01
8.322460851407420535e-01
4.139614308146353228e-01
-2.466967589642186098e-01
-2.155997287700375242e-01
6.070725840387813932e-03
-7.878995476186516633e-01
1.000000000000000000e+00
7.070276852589210126e-01
4.548946837356520057e-01
-8.517461654368023716e-01
1.557128240194770308e-02
-1.618933789606207263e-01
-5.673656087229197453e-01
-5.038241649519699106e-01
8.942377409394144383e-01
-9.282520224551378263e-01
8.220399228221071386e-01
-7.337753563210016594e-01
8.015456775400497946e-01
9.760810295272290826e-01
-8.143412232242124293e-01
-1.000000000000000000e+00
1.486784610575400123e-01
4.094206048892350402e-01
9.091333245464225943e-01
-1.194478073692908371e-01
4.321576751762908897e-01
-1.680445759179829412e-01
-2.151360748937400924e-01
4.347964771354810853e-01
-1.868520842591416820e-01
3.272342370990926064e-01
5.244817599953046638e-01
8.535268988546740321e-01
5.830147969926608997e-01
2.322673761804303627e-01
-8.866733495612706406e-01
-2.998725813818736707e-01
9.186139597584719318e-02
-6.818967295176256993e-01
6.560962013028159845e-01
7.535627641931170739e-01
8.645302790771141055e-01
-7.275155060303504229e-01
6.613246312346776623e-01
-2.610418951354565031e-01
6.044895517367354643e-02
4.495015755675553226e-01
-3.175668314656232560e-01
-9.279069559174242254e-01
-9.658740467910633676e-01
6.818925990949318283e-01
-8.790992659216190219e-02
7.887281406964996577e-02
5.779045641491191709e-01
6.892652894216380055e-01
-5.007676655610857619e-01
-5.561095677919150049e-01
-5.564091112601887712e-01
9.020505336384321282e-02
8.554924828102465906e-01
5.636646106695486491e-01
5.783710374498871598e-01
-5.576408301325659345e-01
-3.859769923504037248e-01
-5.404861511951035702e-01
-8.126641260523517207e-01
-3.848056440259934874e-01
8.440072480000648802e-01
4.303917064970737005e-01
2.329060241977209955e-03
-4.054691866487054597e-01
-9.048512855616988038e-01
5.794353443835875694e-01
5.381462544133326364e-01
-2.999894593281411392e-01
-3.997683565607057510e-02
-3.394405557980744170e-01
-5.617452088254366593e-01
-4.878566418465244414e-01
-1.000000000000000000e+00
3.982605930393847693e-01
-8.791950354284536751e-01
-5.834338432197057056e-01
1.000000000000000000e+00
-8.438180240790988940e-01
-2.442176407678180450e-01
1.556165494507992797e-01
5.455860492105637505e-01
6.642712358678892759e-01
-2.018545358398899925e-01
3.609598459759055800e-03
-9.929103323315209284e-01
1.611278262467397138e-01
-9.284884630409928619e-01
1.000000000000000000e+00
-3.200383711875465220e-01
-4.268099144874897277e-01
6.349214491063874810e-01
-3.548144181182792956e-01
-9.213772772669237554e-01
-5.306187426766189041e-01
-6.800292515073400601e-01
-3.602441405092826621e-02
-2.396120275312692005e-01
3.604448527516379563e-02
-8.095544485735246543e-01
1.941273664294542733e-01
-3.505615803522605933e-01
5.036571317034608253e-01
-6.474171565074293699e-01
4.423626869443910703e-01
8.676551070599147764e-02
-5.879243348281386616e-01
-6.025487357533747534e-01
-2.765026536461578921e-01
-4.545941697775879309e-01
-8.350304171609534976e-03
-4.933083863952311132e-01
-9.378921652595439973e-02
5.064336412337464566e-01
-8.933881842425579478e-01
1.467098605819883161e-01
2.284053238485337367e-01
-4.719936640660948868e-03
-6.357805947530044133e-01
-6.982654160463066528e-01
-7.749068703345118880e-01
-3.128063648856393986e-01
6.014128535262490693e-01
-8.707993085599374794e-02
-2.330555824115054797e-02
1.000000000000000000e+00
5.204050238669373218e-01
-3.479014260440953521e-01
7.288798470370727589e-01
-8.317259926333919751e-01
-8.345063040788081032e-02
1.000000000000000000e+00
-9.557486330195172908e-01
-7.502923655699311745e-01
-6.192573059370707345e-01
-5.035892714401013492e-01
-1.000000000000000000e+00
9.326747703210818141e-01
-3.889103631952874895e-01
-6.998573863493751102e-01
8.173987332240568726e-01
7.452775524936556817e-01
7.677199828566114714e-01
5.899515681366458431e-01
5.493656275447991177e-01
6.210851960099201818e-01
-2.525526565240296950e-01
1.087952971203374197e-01
3.820378431268173780e-01
-4.337940813037091115e-01
3.598549496452885244e-01
3.831899597900101373e-01
-7.356518106865563844e-01
-7.792161696796144899e-01
4.732841261216980122e-02
4.850949126995833804e-01
3.031737330441679479e-01
3.022752489911224583e-01
6.482285867423875914e-01
-3.274579515571525157e-01
5.342789571449779729e-02
1.000000000000000000e+00
6.616670608650851992e-01
9.461069000198749634e-01
2.113994887604175865e-01
1.584905070580355790e-02
-2.013128372683075651e-01
-3.052095126126253000e-02
9.293725692679035699e-01
4.686690591709690157e-01
6.764838198483886789e-01
2.220346744445134135e-01
6.906365337688828987e-01
-3.878523264795290526e-01
-9.876958040107339798e-01
3.307960557542077851e-01
8.971115867527782450e-01
-2.212791269198777222e-01
8.017915128603521069e-01
-3.070816165243333007e-01
4.065922972971287574e-01
4.302420665056176929e-01
4.430720544059043586e-01
-6.654693158125477570e-01
-4.687117494087167380e-02
-2.276050846634178892e-01
1.000000000000000000e+00
-7.652727168052044782e-01
-7.597735975718311607e-02
1.000000000000000000e+00
-3.672750802360593703e-01
-4.041949982306374256e-01
-8.359164684024644743e-03
8.629410512677229139e-01
8.843025237033386166e-01
6.804918568081153030e-01
-6.433244164942866217e-01
4.443918874534589225e-01
-8.049652315589419516e-01
-2.480498322441855308e-01
2.401959677622445000e-02
3.005536772213797114e-01
4.414136941580881768e-03
3.677957313932762595e-01
2.931116173405716729e-01
-6.909981276935226457e-01
8.580325492829619094e-01
-1.728610060407493876e-01
-5.802434764035357961e-01
