3.960619911324618769e-01
2.266303325083862674e-02
1.000000000000000000e+00
-4.884095886170709555e-01
3.815489804265639329e-01
-4.212956548610407026e-01
-6.972745160341569104e-01
3.752762758883618766e-01
-1.728980959634643377e-01
9.817117176860032934e-01
-6.439042779750641099e-01
7.804475248996940451e-01
-6.962250100521343299e-01
5.223630098507656694e-01
-1.840656537982932051e-01
-5.322410466849571975e-01
-8.540182777470166631e-01
6.856406862157073956e-01
-9.983661277722859495e-01
-9.214214493917256554e-01
3.389618983837676680e-01
3.469936268973954352e-01
8.340388918477998903e-01
-8.438324682738496119e-02
-9.048263017780380224e-01
9.764237336263559275e-01
9.035297483455475565e-01
7.049979063279172564e-01
-1.906385039990750041e-01
-8.853310943162036040e-01
-6.829140831674804790e-01
-9.686452376075549431e-02
-2.138734363946603878e-02
-9.175498265698556200e-01
9.409979730726529823e-01
4.420271093585933508e-01
2.500818946552769706e-01
2.876932428805976105e-01
5.733465007490921028e-01
2.934542687812349282e-01
-7.234973682641412385e-01
-1.161636528584317762e-01
-8.646013812864179471e-01
-1.000000000000000000e+00
3.868417970018811491e-01
-5.612028979635625969e-01
6.101970420778612958e-01
-5.875053200377990947e-01
1.000000000000000000e+00
-9.265822102029224183e-01
9.877629001425658473e-01
-8.971589319238197913e-01
5.270596213940945685e-01
-9.749043276254054646e-02
-5.750109294474203825e-01
-6.744983501336514475e-01
7.972738185075971540e-01
8.475345242042144900e-01
1.233374775372364507e-01
-4.667771863394187815e-01
-2.012404453818670280e-01
-7.114155295957764746e-01
-3.605853896480468723e-01
-9.477946070417189173e-01
5.171322484187883539e-01
4.321653097998772175e-01
5.773547347680914044e-01
-7.044077440916689525e-01
4.561030354320905200e-01
-4.456043858736995489e-01
-8.262497177368697265e-01
1.000000000000000000e+00
3.604459139999596218e-01
2.246947251225868136e-01
-6.600591796534875932e-01
-9.077338916977477634e-01
-9.305774826002217726e-01
-1.150224947199582903e-01
-4.785044391877344427e-01
2.637905949465277899e-01
7.032707244967231208e-01
-8.819692323331704831e-01
5.695997690140812697e-01
-8.878407354346673497e-01
-9.215858376080614534e-01
8.502497525932564137e-01
2.190995811619345091e-02
4.629897909378060117e-01
1.799553222639851402e-01
5.135958206000634796e-02
2.558871002770213288e-02
6.946401068274001833e-01
-6.272868838184402218e-01
-4.452921306958526060e-01
-4.587243663846352071e-01
-8.441761712533530915e-01
3.051303862207623840e-01
2.419514490349361502e-01
9.741769782314020354e-01
2.733099148124567002e-01
1.194106862475983188e-01
7.905386924906399049e-01
7.414076688097404055e-01
7.461300159598458492e-01
-6.369126158914300007e-01
6.323829608145796755e-01
6.900109407110663895e-01
-8.038255216088996402e-01
-3.232946716010818289e-01
2.896422258432125307e-01
6.436386106210940650e-01
-7.704208716708931259e-01
-7.534799907550457920e-01
-4.514265782237150137e-01
-2.539987952266398175e-02
-5.174728345281476294e-02
6.789918292292722590e-01
9.661405236415605557e-01
2.574874898786305710e-01
3.866412358772053359e-01
-1.000000000000000000e+00
1.194067565713869961e-01
9.114360436086266226e-01
1.172379765133162444e-01
6.943376138848136314e-01
7.727296527834148776e-01
-6.846834560715289175e-01
1.119289592387677779e-01
-1.652080005697993403e-01
-1.199323390991700045e-01
9.752394323022706146e-02
-2.465303005452075258e-01
-4.120685570667526054e-01
1.730590908417328766e-01
-5.110075046004827204e-01
-5.185913402138944139e-01
-8.012465227520222388e-01
-7.070499182445513231e-01
-5.345545234989816930e-01
6.489685637039048771e-01
6.515030684178926279e-01
-9.029317186858716315e-01
8.399467315149991009e-01
-9.326554789780407972e-01
6.859641238378921813e-02
7.437534672966334970e-01
8.193264464659060220e-01
-8.515827942064708722e-01
-2.110011656575128125e-01
-8.559140389693675743e-01
5.260592740664078448e-01
-5.642768353392970671e-01
6.965556847408254093e-01
2.269959133812899932e-01
7.646144551922757771e-01
9.597743881311084913e-01
8.253086920009089500e-01
-3.139513558558706396e-01
8.048998976406447348e-01
-9.238123571328269446e-01
6.930231499157200048e-01
-5.057621621458745498e-01
1.691324333925967038e-02
-7.415111457311351906e-02
2.148568605791789654e-01
5.689116407063756764e-01
-1.255063871833546063e-01
-7.077028249165089324e-01
1.949725812940492631e-01
-1.000000000000000000e+00
4.461055772297617406e-01
-4.104061424624145804e-01
4.514287225364217448e-01
3.283248060153260983e-01
4.587482754249281314e-01
-2.625962417856040343e-01
9.921009428210931791e-01
8.541606187576413767e-01
2.916034016902717685e-01
2.413626380129023641e-01
4.689026277277852373e-01
1.000000000000000000e+00
1.000000000000000000e+00
2.970656375298363905e-01
3.078578494021448342e-01
2.545707526632454698e-01
4.142349878351849757e-01
8.835048600171131472e-01
3.641814602675381707e-01
9.006791426114579835e-01
8.036441407442571627e-01
7.418626145685423001e-01
-4.057250111909433965e-01
-7.169607503298816020e-01
1.000000000000000000e+00
2.024128112976482097e-01
-8.971617663125563968e-01
-4.769649125032586756e-01
8.944753466588115653e-01
-3.967836395007358075e-01
8.540500302415874323e-01
5.763114659495438552e-02
4.689645945522120662e-01
-2.232295843801435087e-01
-4.503005030714963830e-01
-4.975686131029108950e-01
1.426289205839357255e-01
-4.867085129495600793e-01
4.294996528271770586e-01
-4.083715389097968274e-01
4.564195125769343608e-01
6.562409702871231376e-01
-7.284978290636308085e-01
-4.054546217545034192e-01
9.481797816270822743e-01
2.612634684392012296e-01
-5.651706823827413739e-01
1.000000000000000000e+00
8.991933326498169343e-01
-6.651186229607088940e-01
7.970096911307513743e-01
-9.544716824905101760e-01
-8.019496758328967800e-01
-5.647172001879048331e-01
8.147231815577846703e-01
-7.652850419615364608e-01
-6.811634136744089130e-01
4.649380514791041641e-01
-2.012206171107149277e-01
5.974936904876018140e-01
8.010546764151971200e-01
9.031042311780526077e-01
-8.663323739867632156e-01
-7.495160182323667986e-01
1.573113197709030686e-01
-9.524254253173578544e-01
1.683221538721488830e-01
-9.788745507697742543e-01
8.266935168352298469e-01
-1.000000000000000000e+00
-5.805350715511514714e-01
5.153515043196916778e-01
-2.429053551085980089e-02
8.253241372641848539e-01
-9.765333007182541714e-01
-4.622866680057637900e-01
2.475380520247494331e-02
5.526670370232682483e-01
-3.318864457627375142e-01
-3.777267303654630037e-01
1.000000000000000000e+00
2.110023771199234233e-01
-2.926206726816709125e-01
8.705572338614517847e-01
5.108903380448679421e-01
3.498035195033264433e-01
8.294496332375174141e-01
2.246701023691188848e-01
9.141004921031898878e-01
3.722551532300770738e-01
-7.385964781892127018e-01
-1.778218009032588309e-01
-1.068994606854460905e-01
5.298030374617614946e-01
5.588686811830969603e-01
