-3.591753709922864690e-01
-5.065181196482850812e-01
1.000000000000000000e+00
-3.831678501115447499e-01
8.374505806183321077e-01
-1.450639419691739374e-01
-8.929686101627662964e-01
5.403042812907855597e-01
8.185308896219529728e-01
-7.750011189634777864e-01
2.747155918345622894e-03
1.000000000000000000e+00
-3.988345760776388360e-01
-2.932265765419510561e-01
6.871410251908429689e-01
6.751502011819032756e-01
-4.641116332149732848e-01
1.000000000000000000e+00
1.000000000000000000e+00
7.125767300798910853e-01
-2.104897050267406922e-01
1.533093442517263760e-02
-6.150252701496161656e-01
-3.669468062748590942e-01
-1.374956376311944339e-01
1.000000000000000000e+00
8.549727638570738808e-01
-4.227107452256986253e-01
4.895836684915955139e-02
5.726189731422415274e-01
-1.000000000000000000e+00
9.496555696382125156e-01
-3.263065862762857261e-01
-2.378129397147619173e-01
-7.355740821665928131e-01
9.223512032757277268e-01
-9.976420896871348587e-01
-8.598274021605520900e-01
7.296948014951232242e-01
-1.317436692668001452e-01
-6.202589985182529464e-01
1.698138271834417345e-01
4.567964780010489445e-01
-1.650757702552487771e-01
1.000000000000000000e+00
-4.759696805706883360e-01
3.946347137035601804e-01
6.387469025821026491e-01
-6.708621552641620411e-01
1.188659022381785835e-01
-6.346349521061585008e-01
-3.932185541083543789e-01
1.433071566926356066e-01
-6.964189084567664612e-01
-9.393593789947745076e-01
1.695351582488124897e-02
6.746564046817751237e-01
3.023385033299701430e-01
5.801205291635411765e-01
3.842376996571863490e-01
-2.518732483361252328e-01
-2.631019316732459146e-01
-4.723751187538927088e-01
8.756063579043742440e-01
-2.304203260924144736e-01
-2.578133895009806498e-01
8.668883967656142442e-01
-8.679723312579423755e-02
-1.000000000000000000e+00
-9.003949991092821126e-01
-9.178334663899878620e-01
-6.005202580979485116e-01
4.525961019477646730e-01
1.755502185792088277e-01
-3.021970050274859210e-01
-5.076792309137516668e-01
2.715471119517456344e-01
7.073372603521160817e-01
-3.442486742960344515e-01
8.432518757927016662e-01
-4.165155077947262363e-01
-2.373698432455636498e-01
4.923633372615261461e-01
1.000000000000000000e+00
8.225397132422673785e-02
4.232499390222890234e-01
8.270109768597997402e-01
1.419565958437711828e-01
2.214348600821165469e-01
-7.298701229114490374e-01
-5.653393112400300069e-01
-1.000000000000000000e+00
3.216486483903218119e-01
-8.383400612629141602e-01
4.926061847824203532e-02
4.446057174271731416e-01
7.424751874284729602e-02
4.156787954430176679e-01
-4.438498399912398362e-01
-4.162027967748804236e-01
-6.928423197910695830e-01
1.087641427111674108e-01
-1.000000000000000000e+00
8.762770179820148497e-01
8.202459544749864939e-01
2.851460801345528928e-01
-5.978682476370289489e-01
8.534041925807822615e-02
-3.171779559582397212e-01
-7.179809262480252308e-01
-7.126600876047590738e-01
3.689898889314555674e-01
9.157156440651679219e-01
6.062862735867975417e-01
-2.012740142243296670e-01
-7.139552949391112513e-01
2.478413960840537555e-01
-8.798816738298962381e-01
2.411545712278009290e-01
4.193798350871882352e-01
-1.407810722635400857e-01
3.106860904999451667e-01
-4.417391403393224891e-01
-7.827556859892155217e-01
1.396380546950393153e-02
-4.684346528703742241e-01
-2.294626869728031426e-01
-4.105714325788565322e-01
4.081219027469051852e-03
-7.340695529562435429e-01
6.885834785433309069e-01
7.974633507487869366e-01
1.906236936542999860e-01
-4.626447005903144838e-01
-2.144902635654706291e-01
8.386847303203950332e-01
-9.967249952867340834e-01
-2.235506416692254472e-01
2.230067209023991193e-01
7.688961768931985574e-01
9.878871404032119052e-02
2.485712403398718795e-01
-2.588503250349547535e-01
-6.393439535486629133e-01
9.864588245889235329e-01
1.000000000000000000e+00
-6.559621164734585896e-01
6.146496916923551712e-01
3.020790912550161966e-01
-1.994094221151399005e-01
5.179563067805692533e-02
-1.000000000000000000e+00
-6.101662116804300595e-01
-6.503355824773577876e-01
-1.392829315067862783e-01
-5.459967898004374209e-01
-7.356245306830797581e-01
-4.390381223730588367e-02
4.293886870217458185e-01
6.512073218489520254e-01
-8.164892219655988104e-01
9.959755609909457519e-01
-2.975873567894349314e-01
-6.201425446602080171e-01
5.496763142120320023e-01
9.366812668452859647e-01
-6.982537176542509272e-01
-7.920940535791918258e-01
-3.754634874471629580e-02
-5.962043047480336533e-01
1.633715568306777222e-01
-5.940672279397620770e-01
5.418784729248451448e-01
3.991154032743191582e-01
-4.519855074995440258e-01
-8.988571946789059020e-01
1.829823465086901912e-01
1.000000000000000000e+00
9.020027437602617937e-01
-3.418073834235917374e-01
5.835331230017635207e-01
-1.000000000000000000e+00
1.686619040305199491e-01
-2.735212706190892629e-01
4.552941179165093111e-01
-2.483044554227209488e-01
4.854093447004868001e-01
-9.268718930885011531e-01
-6.258273606527338107e-01
-8.260739605936546770e-01
5.267230940140197326e-01
-2.164954103920779804e-01
6.101860492782600343e-01
5.933811970141966707e-01
6.593603415292641490e-01
-1.000000000000000000e+00
5.706174213729289235e-01
-5.150522384315243674e-01
-1.000000000000000000e+00
-3.106489134578291900e-01
-1.000000000000000000e+00
-7.145914404240691908e-01
7.690410660885265148e-01
3.602408640453886868e-01
-3.562440721393609344e-01
-1.647894727329088926e-01
-7.711708812676731917e-02
-1.000000000000000000e+00
4.558247877991401520e-01
-6.761967222035447644e-01
-3.477176734854364737e-01
6.329784193259104796e-01
-4.443637113874774336e-01
7.100937586816704616e-01
-2.490997142704529654e-01
-1.813569656249653939e-01
-7.013371273827746499e-01
-9.092927002187844998e-02
3.383256439152286799e-01
-5.588432191899688206e-01
7.538339547801877760e-01
5.281806341241512825e-01
5.874617040438754323e-01
1.200020292832721935e-01
9.904078706878594041e-02
-3.870882459697160272e-01
3.825103932845792531e-01
1.185216124519142822e-01
8.430625475740303187e-01
-5.189449429717369888e-01
-3.940421602326802386e-01
-6.520527118499668262e-01
1.000000000000000000e+00
-5.655568920687654710e-01
1.000000000000000000e+00
-1.986587330087814518e-01
7.337748375678418977e-01
7.040023541127542472e-01
-2.254166481968984392e-01
-8.992902248040233193e-01
-3.425125629250671544e-01
2.355487494925676550e-01
-1.693254450167740455e-01
9.482128823795801242e-01
8.675299128766564838e-01
-1.925895044575567372e-01
3.367937792097950300e-01
-1.724805678462042469e-01
6.270825409985956167e-01
-3.670881601539144334e-02
3.513179841222999755e-01
1.139110360388619902e-01
-8.453026101412097759e-02
6.061436558436423816e-01
-3.216107167088904095e-01
7.639748500450738167e-01
-5.818205200061488114e-03
-1.041945217229991449e-01
1.000000000000000000e+00
-9.264309631917697629e-01
7.922805735917568537e-01
1.000000000000000000e+00
2.979665636332160528e-01
7.604806294052537385e-01
1.000000000000000000e+00
