8.995753479939605501e-01
-2.902483095238532762e-01
4.084157177693354956e-01
-3.677276265742999151e-01
-2.679104328150747616e-01
-4.493882914017433006e-01
-3.169083702583699313e-01
5.722061481018010376e-01
8.512081138218321463e-01
-3.472556252129457288e-01
-3.342232522536401351e-01
9.567866785152512321e-02
-4.578635882732124962e-01
5.040703700683168975e-02
8.883909966192353735e-01
-2.818702219436737266e-01
-6.594659286229056505e-01
-2.565010987491822547e-02
-8.970693281272523745e-01
9.265726366394673175e-01
5.506829236252142046e-02
7.054220555415129379e-01
5.942702850304069084e-01
-8.615913270838067017e-01
5.318722195153680055e-02
-3.875819519434322569e-01
-2.619584170875270956e-01
-2.895907323325852545e-02
-4.529857032160975461e-01
-4.347224958276934004e-01
4.976272832775343602e-01
7.039139524472866061e-01
-1.813832721594681452e-01
-4.648703452361007127e-01
4.996269644065058912e-01
8.715587839115479518e-02
-5.760743561715919725e-02
5.314901176578756825e-02
4.469331434813830217e-01
1.649958095742791730e-01
4.129583235269889130e-01
9.340720279164294038e-01
3.461523047757062432e-01
-9.203421577803616582e-01
4.339700844813563219e-01
-3.704001034711883467e-01
4.985173898211512356e-01
-2.101788434270732697e-01
3.934264920920695907e-01
-9.427742278621396022e-01
-1.130157842214225550e-01
-1.815577071305765067e-01
-3.190802036460937963e-01
-3.866052639268560132e-01
-6.889894451982256918e-01
-4.795416160212178092e-01
1.478473919699128114e-01
4.028812104647006009e-02
5.474270160759906467e-01
-9.132179279817804751e-01
-3.562569828850847831e-01
-6.271839768298286266e-01
9.819536837065558910e-01
-7.638865691418050829e-01
3.492938162687795334e-01
4.422409481091789107e-01
-2.159252306195025284e-01
-6.162264122983271974e-01
-1.578498561415278001e-01
-4.439432826136204824e-01
-9.242019647834727181e-01
6.080723252716371263e-01
7.551663675921655994e-01
2.682739581561981446e-01
8.817791603818108115e-01
-6.541916218482701773e-01
-6.515397631536976597e-01
-5.211280389101984323e-01
5.843650541467870774e-01
3.144620929318280300e-01
7.280805583676563941e-02
-7.025432469983252659e-01
-6.503001891974946602e-03
-8.444333426990842106e-01
-2.995490955392179355e-01
-4.335195034159118332e-01
-8.262124324424700017e-01
9.241021695775404332e-01
-5.249860613968779788e-01
4.939019199469956156e-01
-6.012415958022154783e-01
-3.335360398834994466e-01
-5.244575880135717849e-01
5.401635276207339409e-02
-5.368363127560960013e-01
6.834036143376645001e-01
-3.430791084914457389e-01
-7.513068128996363004e-01
8.562888872124403417e-01
-7.866358304262686119e-01
1.236785205448984737e-01
9.264143649151359572e-01
1.153348171953811896e-01
5.773739475392432041e-01
2.239822907654680506e-01
-1.173448533910987912e-01
-4.383648812813740747e-01
-7.824081761793098000e-01
-4.842932407043634147e-01
6.587815609171470133e-01
-8.994966250069638125e-01
8.266559129794683880e-01
-7.329596027192704089e-01
-4.623846175387253954e-01
3.969560092811550422e-01
-3.754852714701548688e-01
-2.205064383189689892e-01
-1.744380171458372875e-01
-6.046754393768585256e-01
-1.052025350891567790e-01
6.876028157482865222e-01
2.131799369940570177e-01
4.484355660911498731e-01
6.672237085791026256e-01
5.031653237009756641e-01
-4.518824070070881493e-01
-1.501287322087268006e-01
2.597982548242336875e-01
6.813855067316976211e-02
-5.971592618351073689e-01
7.158278352156790536e-01
-9.219105425209361826e-02
-3.746539031008921938e-02
6.949975780788242297e-01
4.965634437750336971e-01
9.467607439663865421e-01
4.378339079656159427e-01
9.170306207106178054e-01
8.653210489467839661e-01
-2.258310172261661641e-01
1.586009222901871851e-01
1.613731022478579469e-01
-3.839192160545759069e-01
-2.790026355015489123e-01
8.843864950007871428e-01
6.310079051107211345e-01
8.384124183630705662e-01
-5.668268602205281947e-01
-8.029820180534681384e-01
3.088418811019375543e-01
7.318375339152605186e-01
-6.462978971674462336e-01
-7.999934382372901887e-01
-4.328794709063603641e-01
1.000000000000000000e+00
1.852614775746008746e-01
8.138283826760634998e-01
-4.622038778616237575e-01
9.581357221317123862e-01
-7.056689023445024134e-01
-5.095830518526394126e-01
2.958602487395389780e-01
-4.643187931366246080e-01
-6.602443922638530083e-01
8.558252882489942870e-01
-3.102131663658029836e-01
2.576121073432391384e-01
-4.136057169133458000e-01
-7.976594226160482748e-01
9.533085255803801505e-01
-1.041107610078373380e-01
-8.179396634397415600e-01
6.550361956179748812e-01
-4.402722240345642302e-01
5.639953009748834845e-01
-5.389798410927779670e-01
-5.273520721034283820e-01
2.739306658946394357e-02
3.243563609364819023e-02
-6.918647226093350699e-01
-4.169775625391543006e-01
-6.338200488579182057e-02
-1.000000000000000000e+00
-6.770669248177214605e-01
-5.338163437515606180e-01
-7.529619202663251354e-01
-1.000000000000000000e+00
5.582804057545298626e-01
1.722803153298491097e-02
-1.953442049258790059e-01
-7.475871579709636450e-01
9.547574868330646058e-01
5.913225579974115131e-01
-2.957949743916217233e-01
3.894660167298689135e-01
6.717308293318591250e-01
-9.604377111895303631e-01
6.833265250497997378e-01
9.496382189218488534e-01
-5.547994476327633429e-01
-4.453582574360370749e-02
3.922700335418760620e-01
7.552284720575539456e-01
4.522371925045041152e-01
3.171114288394982772e-02
-6.256045673020940168e-01
-6.954908509415795859e-01
-3.250235547592099650e-01
-7.876625985753538117e-02
-4.831615935291853070e-01
-3.192590966349295734e-01
-6.909351170768058825e-01
8.547031574127768039e-01
9.046615494279877101e-01
3.345217577419836719e-01
-9.697849673472147547e-01
-7.194548275889307565e-01
8.612780352158999619e-01
3.165730748689644103e-01
9.743566900440274736e-01
-2.359190905869088528e-01
4.486539694272448919e-01
-1.952641932516918644e-01
-7.750475372951506348e-01
5.230275829120036857e-01
-8.387123387931647578e-01
9.886426111302946129e-01
-9.560564446749995060e-01
5.104790974940123238e-01
-5.896399735649393570e-01
-6.393306578412609742e-01
-9.694408870554815927e-02
-9.942129929077407891e-01
-8.097053040491131171e-02
7.694226890561801646e-01
-2.020098326884474105e-01
9.178419833525965910e-01
2.688401459155702611e-01
4.914119288638163496e-02
2.249266228457886818e-01
-8.334033836056209399e-01
7.384167648995734190e-01
-8.316686497949294932e-01
1.055294845605816434e-01
1.077690763325096501e-01
7.092653856623676312e-02
5.461751892093562599e-01
-6.839667664700035399e-01
-6.728126405335614901e-01
-7.231086894946108234e-01
4.296626090753641325e-01
-4.342075358019239495e-01
-9.912248862741659394e-01
8.344092064075316895e-01
-2.021418017331548800e-01
-8.114476902013925130e-01
-9.980279826354403472e-01
9.219919125670457127e-01
7.563103428093891356e-01
5.869282685778063335e-01
-5.917809102663380560e-01
-9.322194617583599019e-01
1.363341809018683293e-01
-4.408631895064618611e-01
-7.392727774282716879e-01
