7.037811338946824424e-01
-9.018491545411204680e-01
2.007521077159271083e-01
2.170599818553651250e-01
-3.960156807615995422e-01
-6.199196090809491189e-01
8.608245359949890929e-01
-6.874775198618232608e-02
-7.998450597982733612e-01
-1.925749958708788956e-01
-9.035482495194102626e-01
-2.347700166856867554e-01
-1.127078717573803956e-02
1.868719950437864874e-01
3.428440588948347134e-01
1.892606305088189167e-01
1.098633212400221826e-01
-4.914653389825209828e-01
-9.985693994551914088e-01
5.749145126459982436e-01
-4.042431080148800593e-01
-1.961792126348878007e-01
-1.481741027668852517e-01
-5.732039228986651747e-01
1.808335399025993162e-01
-2.198486312567899947e-01
-6.138744777426459187e-01
-5.486983173666468705e-01
-3.555717944518443918e-01
7.554652446028800039e-01
-5.776081384044133848e-01
9.628429935233895343e-01
7.542304598832034745e-01
-5.869859029010182638e-02
-6.242547935384292757e-01
9.464368522380859350e-01
-2.322444883470384802e-01
9.226225943243733241e-01
-8.877546985344357822e-01
5.374032857509420946e-01
-4.971630059320648609e-01
-9.204363793522454262e-01
9.587531753494233921e-01
-3.179800274658450832e-02
6.331292297298853899e-01
5.948357818773688521e-01
3.507303082857760046e-01
-9.154825499518777221e-01
-6.012128623523740334e-01
4.958256630309687552e-01
7.316826246224219510e-01
2.597755508139631964e-01
5.971662141604683338e-01
-6.190868228644230697e-01
5.153664739040086928e-01
-2.842916521875067382e-01
-5.943379929177745602e-01
8.348341717807512552e-01
1.263120429821114055e-01
6.602092943953152826e-02
8.317402308412713552e-01
1.971708795231941203e-01
8.898688196845954135e-01
2.146126415491522721e-02
2.475512876811158947e-01
-4.989326892462226937e-01
8.786652203993754462e-01
-1.793871499273702597e-02
5.612663591847202316e-01
-5.529548925849829821e-01
4.973778660135630414e-01
3.787435333362223489e-01
1.123111259227871361e-01
-2.020990093655194997e-02
2.832766539603042144e-01
-4.770832521439640761e-01
7.535618629030089721e-01
3.575573353155332423e-01
-3.261248514387147246e-01
-5.768979355465304604e-01
-4.240838506932820273e-02
-2.109038436532744143e-01
-4.305649311874411023e-01
-9.297393491426286793e-01
4.811659582796736778e-01
3.307832552235898671e-01
7.012366682874795476e-01
-4.546119795832337385e-01
2.856231901331161005e-01
-8.652606543281851081e-01
7.033984919966007610e-01
9.352980272638831138e-01
3.726191507953222626e-01
-2.409297078668957148e-01
-8.300527318492183504e-01
2.976724813020077409e-01
-5.114323060287386813e-01
4.999579396027000744e-01
7.607680991072653942e-01
4.606961184944642351e-01
6.916649924601563360e-01
-1.357883928089986814e-01
-2.582605703270490771e-01
-4.335357664650185683e-01
2.553250193942051549e-01
5.537159965673588147e-02
-7.977269822896755347e-01
4.885998106176192568e-01
-8.844886994443050821e-01
-5.548987569891188354e-01
9.842791205073533334e-01
-9.310362072864997174e-01
5.318442206626678992e-01
7.234179318058935326e-01
1.043200241752093582e-01
-7.489116797583392771e-01
8.892140188382198218e-01
-9.707234113875429227e-01
-1.351977902903536144e-01
-9.960818743864909841e-01
4.100797706265866260e-01
-9.287326812119633956e-02
-5.215138410026631810e-02
9.430992250629248730e-01
5.750207355601206771e-01
4.663080943974911019e-01
8.811408935750020266e-01
-9.878514389874568646e-01
-9.526380431983476615e-01
-5.336228769214497181e-01
5.554297743439726709e-01
-3.609517479684865027e-01
4.501381333742666691e-01
-1.334622770472735365e-01
2.938258000308955342e-01
5.135600969230373902e-01
-6.571933468673605283e-01
4.366907199206668810e-01
2.758080091472197015e-01
-7.931138435994697922e-01
-9.922622558229878820e-01
-9.502476804391641885e-01
3.614328820659544750e-01
-2.452934701533517892e-01
6.875395342336410032e-01
-3.487558724356372153e-01
1.860416167794380904e-01
8.923472120675479680e-02
-6.129108849031599249e-01
-5.142639370305386315e-01
-8.043114240528925762e-02
-5.906262808497930727e-01
8.681289110359444727e-01
-8.663362903916780322e-01
-4.543854182035524936e-01
2.284766333689147721e-01
3.635172467909604244e-01
-6.841573558669544752e-03
4.077907283218440426e-03
-9.182170166900982533e-01
-6.749704169453518698e-01
-5.738888091967608851e-02
7.970519162536446878e-01
-7.363053569011113186e-01
-8.924254087087994947e-01
-1.190320102212294451e-01
3.570661236822172402e-01
7.277117783118065564e-01
4.046092041005484585e-01
-3.425003028268742700e-01
-7.201773787282770289e-01
-3.093734681958704158e-01
2.766966358476761201e-01
3.978011270371126784e-01
-1.841286589331425638e-01
8.851560216111145074e-01
3.490660089837833713e-01
-8.622921002666572576e-01
6.307971933774840778e-01
2.037230487979517779e-01
7.420091949502178874e-01
2.907728179155135706e-01
-2.792185423612782991e-01
-4.858812326306807261e-01
-2.834467589581524116e-02
7.622528260110164045e-01
8.396400856684316238e-01
-8.549578572591765013e-01
-7.632623793930781719e-01
-2.239043293029865378e-01
-8.277266149041209164e-01
-9.771758620453869781e-01
-3.558726027896381705e-01
-2.241195215382263406e-02
2.721358673005942475e-01
8.478519953415966093e-01
4.140725423923541371e-02
8.538611022033555376e-01
-6.577036914802858458e-01
-2.588529732048416854e-02
4.940087261962979870e-01
3.853363670240974592e-01
-2.010780212854694771e-01
9.572530280458151353e-01
3.603675247336786125e-01
6.475078389907573673e-02
-4.152781370640139524e-01
-3.000084014048507441e-01
-8.603625190883539275e-01
7.791324445384866237e-01
1.581454827577544187e-01
9.398134859391373830e-01
6.861814193004374118e-01
-8.351049591684818196e-01
5.969606966216134403e-02
4.201605451364953669e-01
8.141027653285035637e-01
-5.080278410520242538e-01
-6.986714170039713956e-01
8.715973823858047531e-01
7.335376103008515170e-01
9.134688273931756974e-01
-3.414060068670541348e-01
-5.054683604896965665e-01
4.706054015007949953e-01
-3.524884177080833680e-02
-8.332196758278187509e-02
9.567723397703051802e-01
8.460027417200173261e-01
2.262248615043673805e-01
8.060232217055731674e-01
9.694368502919679109e-01
-7.354266176745372086e-02
5.284359410849672756e-01
-5.841537363830786589e-01
-7.654666467036583821e-01
3.383661640147264116e-01
3.984712861818089369e-01
9.996096288468780955e-01
-3.863147571340099784e-01
-4.335261722435910237e-01
5.449369899000284789e-01
-1.571415092661032631e-02
1.896939474855818819e-01
-3.362991795738308198e-01
-3.116374796144227854e-01
5.158651339158546456e-01
3.708446198061641219e-01
9.199205018943517054e-01
-3.229495045417047905e-01
6.860447587323874608e-01
7.031475422375699225e-01
-7.810948086616931185e-02
4.443071439148269519e-01
6.589112766207987359e-01
-7.919445227061077119e-01
-2.959977760902421373e-02
-1.430009728611720821e-01
4.316124437323149987e-01
9.786207637060542197e-01
2.123086205015973782e-01
2.304094312636029152e-01
6.179060617538958411e-01
7.940577126731283020e-01
-9.607592701227010146e-01
