8.600783000696266001e-01
-5.037150058878980818e-01
-1.229057786541245534e-01
-3.969610071770948156e-01
2.290668960568793544e-01
5.001724781040106649e-01
-2.478244410303740430e-01
3.041227224135600871e-02
9.708052698084297383e-01
5.525329960153255726e-01
-1.814414788216378582e-01
-7.068813510517122367e-01
4.254404359429646565e-01
-2.973971730638758082e-02
1.343821480906493004e-01
-4.487196074538668533e-01
7.125976150719428581e-01
-1.263828878394530619e-01
2.419659535298575026e-01
-3.285737172716094445e-01
-3.147913973885008154e-02
8.865538042596945445e-01
6.663266918402059868e-01
6.224146794421017148e-01
3.719385227550506823e-01
8.019089220539452612e-01
-4.502148719640413077e-01
-5.994799946936537616e-01
2.987225635907027055e-01
-4.950416545276969948e-01
7.304254448344931205e-01
5.272014426258158082e-01
7.522622793981659228e-02
-5.759994692531316129e-01
-7.672900653977032803e-02
-4.460271797808188499e-01
-8.475401533014101929e-01
-2.574143122592895683e-01
2.485125305788420391e-01
2.003389864891254035e-01
4.628179916795707172e-01
9.509015617109604079e-01
7.091462254983083024e-01
-9.987748761924373220e-01
4.314064025830801619e-01
-1.307211098581677611e-01
-7.262399023482046800e-01
1.002550106829040999e-01
3.989186635279697857e-01
-6.658097355081693536e-02
5.154587475912544292e-01
7.704835525191620071e-01
2.994558384922871852e-01
2.925649247704362743e-01
-7.423488345595756766e-01
-6.197106763106396965e-01
-2.703166919171118288e-02
7.902681574341519077e-01
3.842892690303210124e-01
-9.817265544969391300e-01
-5.171837781451982252e-02
7.586728400251854243e-01
2.434637654493498893e-02
-1.145313841784458830e-01
-5.907040261747755761e-01
1.667212120676970777e-01
1.576626211041545211e-01
-6.209649978804849813e-01
-4.441767605885127423e-01
9.113228066820624473e-01
6.485533232561024874e-01
-5.615564283292411307e-01
2.793718140042251719e-01
-2.031529440435411171e-01
1.632731808944505314e-01
9.374716122607984481e-02
-3.175266805421954608e-01
7.206904913495881804e-01
-9.314471385822351568e-01
-9.764953709463781717e-01
-4.028914558388039246e-01
-5.289292139560781703e-01
7.753051895902272062e-01
-2.813777640551120562e-01
7.127813350228191513e-01
5.416208693416715292e-01
-6.357426325721122762e-01
9.519427803153110990e-01
7.698217469942549851e-01
7.358673614878916691e-01
8.214104533378805417e-01
6.205208295735342716e-04
4.616734236963699889e-01
1.521372011107549049e-01
9.178190791870770582e-01
6.333833146253946556e-01
-7.528831494763805754e-01
-6.942702090859242947e-01
6.951330226849163907e-01
8.509688380471651659e-01
-2.514232748582254651e-01
-4.412390100176284413e-01
-9.714605271819067855e-01
2.881988731686266902e-01
3.042719650483907134e-01
9.975799880768447814e-01
6.445881884675608298e-02
4.754860729803254138e-01
-2.508541469697875836e-01
8.397236132233820705e-01
6.237178745530573831e-01
4.849800320964123834e-01
-8.562858134781217156e-01
-4.449680002960871850e-01
-5.707485905984004404e-01
3.025515668010696491e-01
5.891257583157443189e-01
-2.043809061402144245e-01
1.610815548159132415e-01
-4.666643974337274514e-01
-6.712134690753879251e-01
-7.335010848318508359e-01
7.146423850969962910e-01
1.337376779225687429e-01
1.628932469197945654e-01
7.793862012770969017e-02
-7.262263905689185783e-01
-1.772535303265001527e-01
-4.787379420800752516e-01
4.632013956708895819e-01
-8.687407477909725451e-02
7.642365482827744305e-01
-2.315208455406638777e-01
-7.930578309181357533e-02
-2.307513128958618154e-01
-7.434784975855484035e-01
-4.509920966547646959e-01
-5.891813677808241945e-01
-5.139764580076808809e-01
-8.167574507289847574e-01
-2.960227573302700588e-01
9.782809569814963080e-01
-5.804461062600940746e-01
-4.269074129758456682e-01
1.216332998488762751e-01
7.413045621939984287e-01
-8.615287071662651730e-01
1.675645558199192475e-01
-2.452122417485291805e-02
-2.625259867727294250e-01
-1.935917229278374396e-01
5.988746313091488638e-01
4.535696045543335941e-02
4.222412488092943672e-01
4.513230046915062132e-01
8.052275580046264203e-02
4.225987675643014807e-01
9.601530904696033986e-01
-8.150606155905475436e-01
1.998717863351475721e-01
4.715313668151286386e-01
-8.251029780435403804e-01
-7.037255658144132564e-01
6.013618051997680070e-01
-7.798142119626505497e-01
1.572943568032796335e-01
-7.699978857260019183e-01
-8.523466321891337572e-02
1.280471896534642884e-01
3.007537254976040408e-01
-1.629516030785027603e-01
-4.936479182103223895e-01
8.439338267072513666e-01
-2.213437602820911287e-01
6.670777186260812286e-01
-4.861725882674139410e-01
8.801706335143086868e-01
-6.739289255512528332e-01
1.460094088523624656e-01
-8.325845392159212377e-01
8.349859321404871082e-01
4.622400671091055901e-01
9.581359625272076741e-01
9.811738287501359235e-01
4.639926614080676082e-01
-2.162470456488290171e-01
-8.900476767910989739e-01
8.136451412779521775e-01
-4.705902177364682526e-01
5.975373277037312469e-01
-6.980947812346216530e-02
-4.516434529363344552e-01
-3.246227946825559485e-01
-4.774844786716669898e-01
7.716066598830748635e-01
1.236462699369706986e-01
-2.965652268180665185e-01
6.612723828018614025e-01
6.584902552136053799e-01
4.651841431299552632e-02
-3.072170160363070224e-01
8.435699611323785874e-01
-4.237154109407881286e-02
2.531186340164726101e-01
4.489088681066404352e-01
-9.395407987672215189e-01
-8.911334561535242393e-01
-8.686200425432391015e-01
-9.607816079247855079e-02
2.054783200858367742e-01
5.713348660433323900e-01
4.937961983089149687e-01
-8.175442284828851047e-01
5.440247282687931119e-01
-5.302799918297103066e-01
-3.034027130677241502e-04
5.758873444646819273e-01
8.344187872200843348e-01
6.895679327316748264e-01
1.917867747183752414e-01
-3.860958977284889571e-03
-4.934654378515590523e-01
-4.100136240003953159e-01
3.890697267215017519e-01
8.966463743231778416e-02
-3.176485825725239298e-01
6.142797858640607345e-01
-2.119899686413155848e-01
-9.818190876918875265e-01
8.462391985952799622e-02
9.267804711015612540e-01
5.217201066970686973e-01
-8.803552363274269599e-01
-7.995185748699744632e-01
1.480839532485511700e-01
-8.687629956461475622e-01
-5.349646317901106674e-01
9.228358334424031639e-01
-7.134881368588941175e-01
-4.043999657381340818e-01
-8.360346444710997638e-02
8.040904405261648513e-01
-1.881023851108665212e-02
7.524145607372998423e-01
6.813728594450338960e-01
1.689989643092559835e-01
8.625133846262309500e-01
-6.551367904600289283e-01
-1.462723735556419324e-01
-9.687656871578167461e-01
-8.102172332542327826e-01
7.147315843638377686e-01
7.445993476357033458e-01
9.638770654192869713e-01
-6.045920171365835039e-01
5.167342801696330756e-01
6.134897859035362000e-01
-7.986357696728647593e-01
-4.135297153767809597e-01
-9.962769525323293962e-01
1.804438167798383397e-01
3.413545754031881430e-01
4.923791648150903644e-01
1.968701251170013045e-02
-2.186031085941153584e-02
