-7.542499276953196219e-01
-4.950124299157372398e-01
3.633673691913852366e-02
-4.769455533205875231e-01
8.785298357981270456e-01
9.189908113990565841e-01
4.631228640357631932e-01
7.238848432729285687e-01
-6.190923213544918813e-01
3.398550359131524701e-02
3.838038137564496743e-01
-2.593413153943002758e-01
5.273928102013736297e-01
-4.436152054059356864e-01
-9.410646896728962485e-01
-9.783616588906605127e-01
9.701409986862077339e-01
-2.301383535424794680e-01
-6.833990721357634524e-01
-4.192373278907985945e-01
-4.826688269843850687e-01
-3.332697413328924441e-01
2.501615781775976544e-01
8.820825601663728754e-02
-3.635169962128934618e-01
-1.000000000000000000e+00
-7.732559919762660439e-01
-7.843977231454839494e-01
1.000000000000000000e+00
3.513455811352887981e-01
-7.165689630444431746e-01
-5.888524642127883624e-01
6.267573305672646811e-01
-1.393028407534135094e-01
6.063618699240909127e-01
-3.105572181305564783e-01
-3.734022459667332150e-01
-2.952953856870139671e-01
4.774817913381368406e-01
-3.380510144805293216e-01
-4.747619126899957909e-01
-1.383968602371059564e-01
7.192409352582822546e-01
9.507595750011943458e-02
8.581003818914147985e-01
-4.605676824166140548e-01
7.673670197490787270e-01
-1.000000000000000000e+00
-9.698521929658481255e-01
7.164663869641860749e-01
2.874426526325155606e-01
-4.287034874179589394e-01
-7.657615165916953348e-01
-6.380836970075571823e-01
-7.414301362977586685e-01
-4.661826746547443889e-01
-4.895255898695392016e-01
4.427108549619975797e-01
-1.000000000000000000e+00
-1.376721712146351528e-01
5.181535350271819773e-01
-5.290409931625792428e-01
-3.049728636296276107e-01
8.231048274503489637e-01
-4.628403374111182966e-01
9.572866003783555566e-01
5.631767684425275089e-01
-2.445522533213231320e-01
-7.815986039471050084e-01
5.022748439726743008e-02
-5.999067291188753259e-01
-8.517137412648303485e-01
-5.038916668493840234e-01
6.767246481166071526e-01
-3.661531813872895835e-01
3.758653200144361772e-01
-2.429312402052681286e-01
7.569160195871775798e-01
-6.343333783583209318e-01
-4.841214847135355548e-02
-5.940530710448972407e-01
-2.210012673302892416e-01
6.272236033044500392e-01
-1.782604063886790158e-01
2.544823404753926432e-02
-2.313785924292615093e-01
-2.186366296889894478e-01
-3.675313142675680211e-01
7.390153056035297929e-01
5.526692951616257732e-01
6.001461843866853219e-01
7.421631001460744503e-01
-8.225295215175447705e-01
7.438659655537185333e-01
9.579762071327011519e-01
-1.000000000000000000e+00
-2.140429647504766830e-01
-8.192916305782405040e-01
-2.763631769928429627e-01
2.659291203107692070e-01
2.330502704518278012e-01
6.002341143169387383e-01
-5.161560783915952744e-01
7.636704277136319163e-01
-9.019435211727773183e-01
-4.492839437504070332e-02
-2.070302763387767142e-01
-2.099854023898752864e-01
-7.033703694787840632e-01
7.176635655562983995e-01
-6.407775008574478903e-03
-5.574942181224864513e-01
4.513937117257231790e-01
4.980898585313149329e-01
3.102956580982136892e-01
9.028192526680827168e-01
-3.146390521791249117e-01
4.599856009604355034e-01
-9.556918891230223867e-01
8.691566577857066100e-01
4.610302316071357431e-02
-2.921410292326920288e-01
-2.036082192921353506e-01
-1.000000000000000000e+00
-6.805826376463626204e-01
-4.861590460721001428e-01
-1.000000000000000000e+00
-1.000000000000000000e+00
6.938278776662674119e-01
2.704442835104610143e-01
3.475291405693829994e-01
-2.361853797892707885e-01
-8.213472203224660984e-01
-6.226683125885685843e-01
6.167610508203389408e-01
3.874953464878319043e-01
-6.255054230558563244e-01
-7.227758101389629708e-01
-8.806000730591585501e-01
-8.338428721665658294e-02
-7.195685361318546747e-01
1.091309840183987134e-01
-2.038093006415773178e-01
-1.814863996835924809e-02
6.601471322178420476e-01
2.967650826376981854e-01
7.462747785567458436e-02
1.000000000000000000e+00
6.954821231946395343e-02
7.491173085719236013e-01
-1.000000000000000000e+00
-5.197526623581569805e-01
-6.081228986192059871e-01
-6.158841795677998388e-01
6.700037052344245403e-01
-2.346600665706262134e-01
-8.507536161125599516e-01
-6.489432706111979421e-01
-3.046536887187003551e-01
9.197879762047052044e-01
2.819877539434076930e-01
-3.900529977297977346e-01
-1.939058967395925759e-01
-2.627815395291412948e-01
3.505860786264045625e-01
-5.246051719715101314e-01
-6.133172690587602727e-01
9.102619025744145276e-01
-6.640595703264828842e-02
2.160895492917043192e-01
1.525705216115096352e-01
7.959063786398914431e-01
-5.156481733370368303e-01
-1.000000000000000000e+00
7.347016629664064880e-01
5.711832375992287325e-02
-1.588098138124416359e-02
-1.194442840396332528e-01
-7.526428434980971804e-01
6.071605540527242884e-01
9.652555716463546709e-01
-1.094525053892703159e-01
-1.000000000000000000e+00
-1.157180131937671774e-01
4.583670233699537189e-01
2.716938865117461965e-01
5.298879762185784159e-01
8.536961517985848236e-01
7.509674838453619383e-01
-8.434776283603817593e-01
-1.724160661481846102e-01
5.733618828915870713e-01
6.465697337055635874e-01
1.824681672725569914e-01
2.608377566272401804e-01
-6.887112157627079956e-01
1.195111320847148662e-01
4.272445660007928581e-02
6.728839618141779777e-01
4.944297126019578381e-01
-6.612962934912596236e-01
6.210308412157969915e-01
-7.879074363414630966e-01
-5.825799108884410771e-02
3.419550684558774201e-01
-8.989189354564759427e-01
3.633300327030952737e-02
-1.344036333913249948e-01
8.442195633464644189e-02
6.089046335477139582e-01
-9.324837683764128915e-01
1.934721880257754822e-01
-2.991436649404555226e-01
8.452296391214715321e-01
8.524382386087960839e-01
-1.521078600108483059e-02
6.323292229508654660e-01
-1.000000000000000000e+00
-4.717194664783761482e-01
-8.814908281122053602e-01
5.071894056283987595e-02
1.000000000000000000e+00
8.137210001932755343e-01
7.847441880820906768e-01
-6.054825449539318338e-01
4.723863338942626555e-01
-6.397886701553499034e-01
-6.919086781194796476e-01
6.240079799073385836e-01
-7.046856497232290018e-01
-1.000000000000000000e+00
-8.177601939218128724e-01
1.539932003719302056e-01
7.320104886590494964e-02
9.748964347263875396e-01
-8.843328630047282424e-01
-1.905810358497659340e-01
8.658403091477195890e-01
5.447045916463129078e-01
1.946488770666368606e-01
-7.665074443557653439e-01
5.821862130460977447e-01
-7.053945364120122186e-01
6.503212408088570040e-01
-9.928497384991981090e-01
1.000000000000000000e+00
4.460203473789989825e-01
9.678407756098768022e-01
4.090054944124732472e-03
-8.609175069248351519e-01
-1.788320786521713224e-01
-8.507650270329687459e-01
5.743873120780371710e-01
-4.339616499333862620e-01
8.787482759571130231e-02
1.518160392560858329e-01
-6.386396977300992095e-01
8.915674489789466861e-01
9.199416506863935528e-01
-4.957948127813283090e-01
-3.466700522579992949e-01
-4.132173022590370781e-01
-1.635139318394482899e-01
-5.361393590689187416e-01
-4.101049906155884717e-01
