6.696456565428605678e-01
-7.901625465382737801e-01
5.780444700377180833e-01
-2.626308517100184314e-01
6.614290227725898585e-01
1.309458721519218827e-01
9.688842704695688202e-01
9.663989577147169552e-01
4.156543040922784371e-01
2.633441178982134367e-01
2.337412046597659998e-01
-7.852453012369684515e-01
5.555951522720032898e-01
-2.549748878495894377e-01
1.000000000000000000e+00
-3.511508692735823001e-01
9.578764071132916946e-02
-6.202205168776320221e-01
1.212734989217499892e-01
2.825526701723473089e-01
-9.181217189312771421e-01
-6.985476598256288305e-01
-5.324403849130838751e-01
-7.474127260991016986e-01
1.830984958123746953e-01
-4.285174461099099386e-01
3.867674043646356363e-01
-2.399341935047267782e-01
-8.637066739699736928e-01
-8.859775635443116748e-01
-9.657575333849690580e-01
-5.781392054357485932e-01
-5.413971803058750254e-01
7.009816809590951880e-01
-7.318096992663623013e-01
1.037944094970826292e-01
2.240418609797019123e-01
-7.645347519326867181e-01
2.984948829230944511e-01
3.460720063614823871e-01
2.388146187692776756e-01
-4.161410999639438835e-01
5.487263345884914045e-01
-1.250687101059380080e-01
-3.466396599404604206e-01
-3.642341538420135194e-01
5.524019259322416886e-01
1.137436176647190766e-01
-2.533574130832203508e-01
6.962914229334167260e-01
8.711686301140622035e-01
-1.000000000000000000e+00
1.708822550379243133e-01
-9.083676916550953440e-01
1.075299581571687035e-01
-3.268656320413776406e-01
-1.831302141076958101e-01
-4.207578240949532145e-01
5.475934397824644417e-01
-4.039361419861979829e-01
2.442314298339096634e-01
-6.267345509165360706e-01
5.954719262491330323e-01
8.159515042962703912e-01
-9.189046710577439825e-01
-3.219161161161430140e-01
5.037925198498072188e-01
-9.885973324335239898e-01
-5.345558663273284328e-01
8.974698437966963649e-01
8.469677189385482752e-01
5.140503423508939740e-01
-4.865768737360596230e-01
1.000000000000000000e+00
3.039250730507296883e-01
4.372128589338941662e-01
-1.000000000000000000e+00
9.292564597619786815e-01
4.542390693181226347e-01
-5.018079402779052067e-01
6.549969676232259008e-01
1.658574119305040728e-01
6.543512317570381320e-01
-6.856811071162635107e-01
-1.013452124583959502e-01
1.288075331274425306e-01
-7.083317585163007024e-01
-1.128820439685940258e-02
5.213949535182926809e-02
-8.604723144797994383e-01
1.845787885615077784e-01
-5.941148907062709927e-01
-5.862687762621294763e-01
8.065597772231904994e-01
-3.507185604702776072e-01
9.633988550375622850e-01
1.002390005415358942e-01
-1.386775309790255761e-03
-7.814277528880124724e-01
-1.396788738086605086e-01
8.840782215413189871e-01
1.831354413286077065e-01
3.123693300422794028e-01
5.170530574054781336e-01
-9.733766090800730630e-01
-5.481441555443227198e-01
2.243621499668031483e-01
5.941007797266277812e-01
-7.694440277997978139e-01
-2.683736905069520340e-01
-8.024452762179186127e-01
9.656645950574369586e-01
-7.562153377695528533e-01
-9.046967371494818444e-02
7.922517568785767406e-01
-2.184230634285715400e-01
-1.000000000000000000e+00
-4.902109921087607347e-01
8.117797130125046223e-01
7.363513828924264093e-01
-6.521987512357050321e-01
-4.558608275514908215e-03
-8.313545155519410645e-01
8.051740754385829923e-01
-4.444844970209604895e-02
-2.849711741996919789e-01
1.407216046335226789e-01
-6.047268628550281910e-01
1.000000000000000000e+00
-3.805493701232702808e-01
-2.590352615098328037e-01
3.893585270633275197e-01
-2.249711662996878303e-02
-4.498207165852876610e-01
-4.828979947933593753e-01
3.299952429926273911e-01
-2.743152467361080760e-01
-2.936673000782967780e-01
2.589635868004331876e-01
-5.433573560896398646e-02
7.772274358518880266e-01
-9.953629543818540704e-01
-1.445974729351773291e-01
-9.566595284445731373e-01
6.391574639580668293e-01
-3.675838541856968344e-01
-7.867562502577614136e-01
-2.315095310609995849e-01
-7.989752686780786650e-01
6.341386953319576580e-01
3.925510636201727799e-01
3.308141039822847240e-01
-1.312176108860794166e-01
5.203372854224022070e-01
8.399585946257548397e-01
1.470634560096539811e-01
1.000000000000000000e+00
9.106379247274234423e-01
8.551342130424877119e-02
4.351861771066629636e-01
9.172550652617832423e-01
-8.640331968910752725e-01
-9.047378547806592675e-01
2.372667277050188872e-01
3.650817543093562989e-01
3.540504482941131403e-01
4.024160127201514836e-01
-2.383394965906515672e-01
4.502969574345714321e-01
3.728094447546181911e-03
3.461130123818159099e-01
-8.161756954137300291e-02
-6.154735434277864847e-01
-5.658765778102536892e-02
-5.527747074352060697e-01
-1.340359310607635024e-01
5.001642265720733782e-01
-8.514938558693001536e-01
-2.631971903212642072e-01
8.832857725476968014e-01
-9.056863281060885118e-01
9.069583490905355205e-01
-5.182158739840361239e-01
5.283570783878972499e-01
4.054057923384224438e-01
7.635278154051245991e-01
7.474552847647666365e-01
2.477312690442912135e-02
4.373372206959644792e-01
7.350341690605228795e-01
-4.504429184568421451e-01
8.753625767446135963e-01
2.094165361046691487e-01
-8.606303608147374273e-01
5.553724743770505068e-01
-1.120039035870503685e-01
-7.069079473391834956e-01
7.621731797129298602e-01
7.974104014176390809e-01
-2.234276924665150599e-01
8.211993829744446138e-01
7.602205406167166224e-01
-5.451417599815879811e-01
4.579181438255368608e-01
-3.620199931226835144e-01
-9.055838386546088969e-01
6.621725063943431078e-01
3.927269845716303553e-01
8.898664943204610545e-01
2.605785107774400977e-01
4.216572613825262383e-01
-2.834097582907948443e-01
4.799217784701843570e-01
9.345933537213100273e-01
-9.217128457110044248e-01
-4.955465214430418985e-01
-9.850009985268888268e-01
6.815638956349721056e-01
5.041164370893669311e-01
-2.787814643205532850e-01
8.535904849243036718e-01
-7.660238039470728122e-01
3.614479525731497667e-01
-2.634704473560958160e-01
1.609569479959793714e-01
9.686285765501074785e-01
-8.618585031286842835e-01
-1.835853220708081324e-01
3.438944664544587582e-01
9.623579420777781390e-01
6.598280946469392561e-01
8.187768741370105019e-02
7.175163544113236647e-01
2.221080359885854172e-01
4.860730926063938639e-02
-3.203569162980761664e-01
3.751136697255126329e-01
-9.220382600104968240e-01
4.115532189491868387e-01
5.018349121652450062e-01
5.967180933718085889e-02
-6.705146794590162163e-01
9.676822788096606232e-01
-8.548956543101453587e-01
4.487009518890925364e-01
-5.626121984409286902e-01
1.897413985146179094e-02
4.133101905683365107e-01
-3.243428215127182046e-01
2.961178593706486062e-01
9.734301906184827935e-02
-2.633708291756420294e-02
-6.519514501770728998e-02
-1.068223038321078899e-01
9.760057957536849571e-01
-7.882196281091069512e-01
-1.872641790094227154e-01
-5.294705311910190559e-01
3.510375122700235551e-01
-4.044722603687291862e-01
-4.434149169114667277e-01
2.325550677917982423e-01
3.931418022324555395e-01
-8.713448547406210665e-01
4.998708623474594770e-01
