-1.000000000000000000e+00
-3.612742570426757949e-01
-8.328024638662112622e-01
9.567275532554326833e-01
-7.610548035856328219e-01
-9.759777309256325584e-01
7.532791104754892331e-01
6.123131342642484931e-01
-8.384515351137873385e-01
-2.449120147970247352e-01
9.657967892558404488e-01
-2.273486311266539328e-01
5.930454719927431562e-01
9.287751671008221965e-01
-5.065490721848762146e-01
-4.559807624353970912e-01
1.053883224989622391e-01
5.324685081779767515e-01
9.919776131314987921e-01
9.199669779041497186e-02
4.294722844761711400e-01
-4.935864499942611561e-01
1.917466203987383544e-01
-1.000000000000000000e+00
9.947999455070297703e-01
-9.935939466535947950e-02
-9.992875152079991885e-01
4.927598461305597866e-01
-4.891347058830053385e-01
6.771847150729581877e-01
3.696696578779514741e-01
-2.586952936977660045e-01
9.998625736394461949e-01
4.462333643900259217e-01
-4.783294178402350827e-01
3.606350670772140443e-01
7.189330608860604599e-01
-1.000000000000000000e+00
2.065422517730830521e-02
-9.838877971196333672e-01
9.254289974789358109e-01
4.429068432510534503e-01
-9.377087442181737398e-01
1.999406829233829619e-02
-5.569560669537743092e-01
3.831627804119159819e-01
-2.338927399048789102e-01
-1.617328368284229878e-01
3.038026916908216357e-01
-4.097773944240230559e-01
-4.585949010293953743e-01
-7.492457067045430463e-01
-4.925816074636157893e-03
8.222709135107986178e-02
-2.500445415623526735e-01
3.080959976317312332e-01
9.922516658529672018e-01
1.884827587855699704e-01
-1.430167171471121157e-01
5.072900498527266322e-03
2.046066796777537000e-01
-7.182301779886592907e-01
-9.726037137821501588e-01
9.228078910988292138e-01
1.000000000000000000e+00
-5.428939428976955472e-01
5.151700377326440261e-01
-3.297174900244902451e-01
2.111604770681707599e-02
2.393601555596307495e-01
-5.787920564995820971e-01
-4.185609732990456244e-01
5.750556666782152826e-01
1.744506046479576966e-03
6.217483243471371157e-01
4.694586772052664614e-01
-8.123092896094963322e-01
6.662860697017318756e-01
-3.790749626682582418e-02
4.388622338589143190e-01
-3.455862888509519948e-02
7.763442330136680614e-01
-2.974514845143045871e-01
-9.971806955093029945e-01
-7.416365047969122326e-01
5.271560264306041077e-01
5.466416738541326481e-01
9.997271906268996311e-01
-2.990876171547789397e-01
1.879655545178654519e-01
1.000000000000000000e+00
1.821953676386736110e-01
9.964928482143475819e-02
6.749298858280594615e-01
-8.704181775907962049e-01
8.091391136613963475e-01
2.287531491113390381e-01
1.000000000000000000e+00
-4.632679528642023037e-01
3.203324987999756068e-01
3.409549074692330706e-01
9.367865657657914458e-01
-9.190011083223770250e-02
2.864873573773345505e-01
-6.470985147660236469e-01
1.833431613773750524e-01
-4.648932246716743766e-01
-3.670001986470960986e-01
-5.961276946642355412e-01
-3.785616182616033942e-01
-6.645494681384962465e-01
7.522987158508596117e-01
1.000000000000000000e+00
1.000000000000000000e+00
-1.567050662684297269e-01
8.215583128523764600e-01
-6.989882706566352688e-02
6.959361711193128297e-01
-3.060270665232858178e-01
-1.000000000000000000e+00
-1.000000000000000000e+00
-6.618706514618601933e-01
-6.408439076633840603e-01
-5.834104457174410507e-01
9.310573067618785892e-01
3.781343999008617285e-01
-2.907384658782747877e-01
9.239833652359530358e-01
-1.537751561384248511e-01
6.314340316414461807e-01
-9.486817737238477655e-01
8.787840323112405816e-01
-1.389193072941912188e-01
1.766601852719849042e-01
-9.282809051921616650e-01
-9.401892390827153445e-01
2.842649669942014512e-01
7.634008052224330321e-01
-6.361204041132780818e-01
-8.621021296729836081e-01
-6.963318186623168593e-01
1.000000000000000000e+00
4.336624743806285487e-01
-4.947474413857380071e-01
1.000000000000000000e+00
3.259425484076474699e-01
1.918951532687032113e-01
-3.629078357340578265e-01
-1.000000000000000000e+00
-3.714101629211514766e-01
-8.594519458199920692e-01
6.710803667646244586e-01
-7.297244887349332298e-01
-2.020179581168244365e-01
5.216119357418536051e-01
-2.744836676919978347e-01
8.993998346460652105e-01
4.243206553618041887e-01
-5.240164915670415535e-01
1.566529306733237537e-01
7.889925273990663346e-01
8.302341156116486154e-01
1.000000000000000000e+00
-1.858925909620829930e-01
-5.944449958497091124e-01
-1.000000000000000000e+00
1.000000000000000000e+00
-3.779446247993980545e-01
2.237021506330852394e-01
-9.460642004753281320e-01
1.000000000000000000e+00
-1.877262928730595859e-01
-7.589934258384538612e-01
1.000000000000000000e+00
7.635697414502884417e-01
1.000000000000000000e+00
-2.021263254288081512e-01
2.394277734130925150e-01
-1.037455447780357698e-01
-2.749467868566874973e-01
1.000000000000000000e+00
4.254878749133794713e-01
5.191880551833005786e-02
1.453954576864369130e-01
-9.786609791000908665e-01
3.166095024994775020e-01
4.248467599863416932e-01
-8.854157591243738690e-01
-7.514361101275257582e-02
9.322975906288604175e-01
-7.086437462599040060e-01
-3.718498562010230657e-03
3.266295154960090485e-01
6.036129421079952095e-01
6.203293583701325886e-01
-9.026980279208286495e-01
8.010231248914996272e-01
-2.262780246477158475e-01
-1.599514857816772273e-01
-2.622715316621127002e-01
5.185698696048111067e-01
6.113628163627964351e-01
-9.451639002536127432e-01
-3.592314877750282243e-01
-4.863944581972732273e-01
-9.872821651330654369e-02
-9.201747372920581203e-01
-7.073432948885753913e-01
-1.000000000000000000e+00
9.670272115172022787e-01
-1.419946427723319804e-01
-2.250572392097663910e-01
-6.572542233911420340e-01
9.622753072666454521e-01
-9.256486854228180849e-01
5.309834196003659912e-02
3.163030318900088567e-01
-3.519717086112092996e-01
6.520671499953467620e-01
-8.521511841111113483e-01
-6.010942531189178428e-01
-7.487985669617975848e-01
4.812164847404791779e-01
9.924270359073088521e-01
-5.247055093953978400e-02
1.457594627432208245e-01
-2.957616913848311047e-01
1.000000000000000000e+00
-1.536984136652967958e-01
-9.199973840085908794e-01
-7.924844926906016163e-01
2.337548634853439111e-01
1.000000000000000000e+00
-6.367706697693564788e-01
-7.531390488070917044e-01
9.888397179359176281e-01
2.112511227702951189e-01
6.359351005308759852e-01
-9.727200985700570346e-01
3.069400019566121962e-01
-2.486962692016303489e-01
-5.488200204265639703e-01
-1.185784837035097627e-01
6.619050462411824043e-02
1.000000000000000000e+00
-6.994877430739776525e-01
-1.000000000000000000e+00
2.743816262840803599e-01
-7.328096860322625972e-01
1.000000000000000000e+00
8.407159251765119468e-01
6.473304428953241541e-01
1.460804673358733208e-01
-1.407184085157240361e-01
8.976694299625163076e-01
-6.418580426945874606e-02
7.402215892859183022e-01
-9.478656231425821588e-01
-6.199294328386788511e-01
-7.059320072292674109e-01
-7.413029304598834912e-01
4.080526123272804062e-02
2.055052218180943857e-01
4.038389315272246094e-01
1.000000000000000000e+00
