-4.259192285606954176e-01
-4.194475382165683275e-01
-3.802352195072056240e-01
4.189259249011627606e-01
3.998988337156019757e-01
1.000000000000000000e+00
-8.765085227687379188e-01
-3.174418128992160248e-01
-2.653541325849273491e-03
-4.459193815608553102e-01
-4.889552858918500000e-01
9.167568231169407333e-01
2.821353197012876901e-01
-3.636435860341771242e-01
3.836554517499715655e-02
-3.843310294019082196e-01
1.762732441253636040e-01
9.348360721402577678e-01
-7.015751383379184025e-01
1.602112307836223160e-01
-7.317632952385477729e-01
-4.592161476740153070e-02
8.956265697403726911e-01
8.182902158720242181e-01
1.520361333543758242e-01
-4.103104060558797617e-01
-5.585937694400464615e-01
1.000000000000000000e+00
-5.820975963970048683e-02
-1.000183425245557700e-01
8.340127142973579044e-01
2.224622990787850085e-01
-1.772194136240410334e-01
4.215463304695541424e-01
8.713903893471317552e-01
1.000000000000000000e+00
-1.958939530420149566e-01
1.000000000000000000e+00
-9.664467788072749199e-01
-1.000000000000000000e+00
4.555550374556942561e-01
-8.342137160743510194e-01
3.195550588087179289e-01
7.503230698521654585e-01
-3.847055620981474355e-01
-6.353891327004901335e-01
-1.000000000000000000e+00
8.935183883753088363e-01
-1.000000000000000000e+00
-4.688105135649496269e-01
6.608561863932083114e-01
-5.370071966267253583e-02
9.854023059974603704e-01
5.579982072611697763e-01
2.155889405387120261e-01
3.000572210032710352e-01
-2.680527429686014873e-01
4.369601634273800883e-01
-2.465621248378448982e-01
-5.689851792766991156e-01
4.276631272192961131e-01
7.841313724973493215e-01
-5.190385473908378788e-01
7.989087586444585387e-01
3.940327457901589003e-01
4.471757255158381739e-02
1.588750092849449125e-01
-1.441770477428907515e-01
2.225578927234368454e-01
-5.787819418237243330e-01
-5.280463693065834407e-02
4.979074574660382613e-01
-8.793481591600644798e-01
7.949165597925953453e-01
-4.727130811893276441e-01
2.003421331583121745e-01
-3.362144534823818809e-01
-1.000000000000000000e+00
8.158250427204716271e-01
-6.916861635812308062e-01
-5.210244555954772760e-01
5.733648046949496591e-01
-6.352871363690664186e-01
9.631388486253804615e-01
-2.175926326691710877e-01
-3.840454659388898850e-01
5.832056074798801504e-01
-8.230261541493153477e-01
6.528313480911767108e-01
-9.723409259308708474e-01
5.232987121327263846e-01
-6.271502753142832454e-01
-2.917398777396404963e-01
-3.999145800838221909e-01
-6.487749808583240796e-01
3.111571712918934640e-01
8.493492460376101949e-01
-7.874214227684548373e-01
-8.465896559245829067e-01
-8.137593430610916556e-01
3.706179969664091800e-02
-4.452859873636172416e-01
-3.565241131972718414e-02
7.967549247763856535e-01
-1.876556293510063256e-01
8.747894518356380544e-02
2.699011865149172351e-01
8.600973288634745639e-01
5.862988317384529857e-01
-8.607893570888043300e-01
-1.800405241308322690e-01
4.901374807512783871e-01
5.221303091772302452e-01
4.419234939965679398e-01
1.756805536903454090e-01
8.070868942021833803e-01
-8.187102055237160947e-02
8.217507936319270456e-01
5.955784578238381144e-01
6.939468951125089546e-01
8.587709110100616439e-01
6.995514662185420285e-01
-4.834288515002398423e-01
6.283032072320762218e-01
7.708983179848072353e-02
-8.455345703740388963e-01
1.313942238602450185e-01
2.966009566885532411e-01
5.129078212270155035e-02
-4.589786555728263551e-01
3.109376926680955666e-01
2.871594671190822456e-01
7.673130502724381241e-01
4.911012507922556392e-01
3.149216983305056505e-01
-9.525254993865250874e-02
-4.019114850969212061e-01
5.747055143544648192e-01
-1.928681506520262268e-01
3.268608541579920423e-01
-1.698974584231585094e-01
7.988765438657532414e-01
2.259289733839182635e-01
5.608945359032024847e-01
6.258625493183411770e-02
1.000000000000000000e+00
5.822925997072021520e-01
-1.066335732895229427e-01
3.978092996723033292e-01
1.000000000000000000e+00
-5.867887986182953597e-01
-8.613581727295336332e-01
-7.799092137265484226e-02
4.471617893595059012e-01
8.023550151415771436e-01
8.263584062109761152e-01
-4.717510015125063738e-01
4.974792764144002621e-01
-4.697781913773688700e-01
5.787795687428936020e-01
-3.809594622536915942e-02
-2.382554169793225096e-01
-2.991079819922041194e-01
-1.000000000000000000e+00
-6.843331688472581442e-01
-1.544039162656858366e-01
7.555253065563376502e-01
2.182314515000470245e-01
6.175745929974352233e-01
-2.859328186984775311e-01
-1.000000000000000000e+00
9.054693002321747564e-01
6.342254351465781426e-01
-2.276357365227694718e-01
1.345547091184806643e-01
-2.668865007370215814e-01
6.671687139363757790e-01
-2.290378265493813181e-01
-2.517608355820684096e-01
6.496418974049320560e-01
-7.461896448116069891e-01
-8.825393045203633324e-01
-4.076636688502268679e-01
-5.132466902150292221e-01
4.944317001164189040e-01
-8.854702463419630298e-01
-7.036722684602412237e-01
8.175669243489498417e-01
-3.977325600735606148e-01
2.544533813843641301e-01
1.000000000000000000e+00
-8.318667262612231550e-01
-1.000000000000000000e+00
-4.132035438731429533e-01
-9.133344449483007388e-01
-2.353806141181273848e-01
-6.396522424927280071e-01
9.464357958627547251e-01
6.496831927402033635e-01
-6.405325843051006274e-01
8.914562806065031708e-01
4.435127402902290239e-01
4.727434912689398860e-02
2.621690725373950759e-01
-1.000000000000000000e+00
1.039102438834058617e-01
-4.273049853003163534e-01
7.363205359609985567e-01
-1.159847875849902010e-01
-3.261974336302362332e-01
-7.738133602662280452e-01
-4.774838758592294674e-01
3.697005198417758209e-01
1.000000000000000000e+00
7.334981916964793403e-01
-5.905937972132058178e-02
-2.315324171997112934e-01
5.282535059841491076e-01
3.806569131770545233e-01
5.273422931480804543e-01
1.000000000000000000e+00
-7.770647995558976895e-02
-6.395300559997991741e-01
-3.229340213912244018e-01
-7.213820201430654055e-01
8.193993601645048752e-01
6.004673444804613514e-01
9.869557011349656683e-01
9.034907403715248808e-01
-3.568840165840725387e-01
-1.000000000000000000e+00
4.983336932746988968e-01
4.816027629349526884e-01
-8.991749152822345881e-01
1.159072600791575258e-01
-1.162777234100567103e-01
-1.982153435865077196e-01
-3.921233905864549563e-01
9.450174014149441692e-01
1.000000000000000000e+00
8.429988168225748257e-01
2.830752151251569870e-02
4.475726952040113282e-01
8.628118796734978169e-01
9.416514810336431562e-01
5.428848809600173020e-02
-1.000000000000000000e+00
-1.167004309877879287e-01
-3.591193525963867206e-01
1.884180919142464106e-01
-5.185417880369691535e-01
1.000000000000000000e+00
1.642509422576305944e-01
-5.868084404381068708e-02
1.856721748251257686e-01
-5.016547592505429254e-01
-8.703708053177026116e-01
1.000000000000000000e+00
-6.954824071642051742e-02
-1.997289917957862926e-01
-6.202458416801781560e-02
-1.726345122348567074e-01
6.619494517252655363e-02
5.293879446081659612e-01
7.913735453814647602e-01
