-8.857836408366632774e-01
1.140182366128099645e-01
3.125827108244093044e-01
9.007220550558256988e-01
-3.819686372463408919e-01
8.464211534286341099e-01
6.650093089547683967e-01
-8.896034832164980699e-01
7.322183024106386773e-01
1.000000000000000000e+00
-1.820975027427587101e-01
5.841243168730956281e-01
-9.396359766641240174e-01
-8.581488302923887534e-01
1.499593765589809502e-01
4.956292180158050620e-01
-1.000000000000000000e+00
-3.247440078302584743e-01
-1.000000000000000000e+00
4.616634078025678711e-01
-2.763532734823299641e-01
-6.454626906757334748e-01
2.293362552007094379e-01
5.366595746932076860e-01
-1.127939098685819541e-01
-2.113626988622852032e-01
-9.452349354549469673e-01
-6.535507743293993421e-01
8.129795295674067113e-01
-2.907525671298369918e-01
6.057393970139617334e-01
4.234847772154952672e-01
7.870448987421667653e-01
-1.000000000000000000e+00
-6.031002909848381943e-01
-6.511437192403302099e-01
9.812000104506573006e-01
-4.029343048483516876e-01
-1.000000000000000000e+00
6.825196601098519888e-01
-5.279371851237193436e-01
5.093251485185845695e-02
-6.836400028329103762e-01
-2.481019346872503917e-02
4.749236862393921843e-01
3.209196804532123970e-01
-3.017683861056021932e-01
-9.134478985948222274e-01
-6.521542248032525801e-01
-2.533292538369165126e-01
-7.933192318330157811e-01
-6.096813869644492900e-01
-1.111228776171151456e-01
-6.953031260476099096e-01
6.397028307122762936e-01
-5.258349644499977771e-01
7.710193032047161221e-01
-3.105406603998821513e-01
-7.345646550175062295e-01
-5.933480057989539702e-01
-3.170825429169361609e-01
8.918280034504104670e-01
2.673705375135557727e-01
-2.361462335480088992e-01
1.636839006626678028e-02
6.229501592177628666e-01
4.717453891196117244e-01
9.155146424453033394e-01
7.667692848495255564e-01
-7.127254606304356255e-01
1.918428955329214425e-01
-3.516695461048608973e-01
-9.062348071624586332e-01
2.563028187882563369e-01
9.354815196360115603e-01
-4.401185741851281197e-01
-6.075512341059730037e-02
-9.478609360698921904e-01
8.080656901232374789e-01
8.466795830655222677e-01
-1.000000000000000000e+00
1.891572134079488876e-02
4.194750197014518456e-02
9.149073190312646542e-01
-6.506386624625355442e-01
-5.143616709242563312e-01
7.206025816252508154e-01
-7.013210483176846033e-02
-1.000000000000000000e+00
-4.168042546783050639e-01
-6.363051130495722685e-02
-4.287664013462819113e-01
6.717440564747270138e-01
-5.934952528539418903e-01
-6.481365897489410610e-01
6.507531668176036455e-01
-3.653477126255209595e-01
-1.000000000000000000e+00
-4.285611748485929073e-01
-5.789509856499066576e-01
-1.000000000000000000e+00
8.233407417623404001e-01
1.000000000000000000e+00
-7.977066243564050474e-01
-4.429021519544847907e-01
7.204471573631654469e-01
7.521281946491753523e-02
-1.283428287971100090e-02
1.000000000000000000e+00
6.536662980002700962e-01
6.861304564463077682e-02
1.000000000000000000e+00
4.110740138352176332e-01
2.414583018433804629e-01
4.130587924422886026e-01
7.079568898671073640e-01
-6.462562635532467237e-01
8.479501820956389935e-01
5.292916059449059851e-01
1.000000000000000000e+00
-6.322603335971763716e-01
-3.194960617141993087e-01
-1.000000000000000000e+00
1.000000000000000000e+00
-1.000000000000000000e+00
2.271786883843773808e-01
-3.388125393040508637e-01
-6.842492078323461069e-01
-1.255762374127644687e-01
-7.076599545453912121e-01
-4.123241566540403191e-02
1.000000000000000000e+00
9.621696326403350596e-01
1.033214076977597706e-01
-9.854464409967138572e-01
8.199436405855251575e-01
8.844041440799663700e-01
9.541971820953012440e-01
4.227219975557781062e-01
-8.617397437813678618e-01
-3.635338064799231717e-02
-9.047258019716409860e-01
6.568471856052007229e-01
-4.730139291314532368e-01
5.137809422752479538e-01
-6.403652449657641910e-01
8.804235324790186112e-01
1.000000000000000000e+00
-4.288183841784640737e-01
-2.937839574021410272e-01
-5.181965520370767075e-01
-7.162452222833909365e-01
9.102900617701019659e-01
-7.218233482989933059e-02
-6.655564406637271002e-02
-6.458319534126557571e-01
-1.075716910958894879e-01
-8.727766378379870904e-01
-6.275395012002764616e-01
3.398576827760360075e-01
-3.611488048623532343e-01
1.014591372319378904e-02
-9.351691789256416643e-01
6.086010451661640897e-01
-7.178403633443368737e-01
3.347094466959241732e-01
-4.891314952397052274e-01
-4.982563952497296444e-01
-8.728311598507443314e-02
3.799135749093913716e-01
7.730895059408999792e-01
1.432915616138557002e-01
9.074172623655627490e-01
9.660711958655171516e-01
1.614676789728974882e-02
-8.502467908809043795e-01
-8.738376092049040533e-01
1.000000000000000000e+00
1.543240542314538999e-02
-6.824528356102697035e-01
8.116843276038698818e-01
-2.284163912886980619e-01
1.000000000000000000e+00
3.424168772969523045e-01
7.982075267730464052e-01
-5.472602434011222261e-01
1.000000000000000000e+00
-9.290605957013555738e-01
5.103751936507592291e-01
-5.626510264974209363e-01
7.322915614118585825e-01
1.000000000000000000e+00
1.000000000000000000e+00
-6.300760512354171006e-01
1.205012963403768733e-01
4.981739828867315367e-02
-2.110575333041802004e-01
-8.340219237058725810e-01
-6.636634780575374482e-01
-5.609890303968635417e-01
4.381439059840470662e-01
9.850143247071718733e-02
-5.525711400336461576e-01
-6.704606793542515764e-01
4.627402034554477517e-01
-2.806990012568975068e-01
3.223562071713490518e-01
4.508652397013528379e-01
-1.000000000000000000e+00
-1.000000000000000000e+00
-9.786158825939470507e-01
-8.335309064627764997e-01
7.565678095473185039e-01
9.460901179626723945e-01
-6.371407337054955100e-01
-7.602402535124439531e-01
-9.849449076840233186e-01
7.542113953153062322e-01
5.187389453131430184e-01
9.949797407436700158e-01
-2.580440685671785417e-01
-7.743034318872417110e-01
2.756379625175837678e-01
-2.681098732094393533e-01
-6.330838179744240346e-01
8.941477503610308908e-01
1.000000000000000000e+00
-9.551817884404163461e-01
8.644430301040579856e-01
9.640007082810428951e-01
-4.854730542488978617e-01
-2.415782118265075162e-01
-4.375532230258323274e-01
7.810096138024527068e-01
3.956074018571542616e-01
-1.000000000000000000e+00
4.300130350003492641e-01
5.707146966303238145e-01
2.933972750162190390e-01
7.642065654687821841e-01
8.184367428605785477e-01
6.629771360094700583e-01
7.226362262330916497e-01
-1.000000000000000000e+00
-7.541053415318437203e-01
-1.951460288607653748e-01
-4.886017488125240504e-01
-5.820578771480093838e-01
4.812884367547149989e-01
-9.676822318435740478e-02
-6.517194156696231033e-01
-1.233641938619431944e-01
7.058618479370226684e-01
2.549652500719943315e-01
1.623096413654527836e-01
-6.405157679759823086e-01
-9.093060544463218431e-01
-4.360725429233447414e-02
-8.398604996285805591e-01
7.646926951117309912e-01
5.900977467007173516e-02
1.000000000000000000e+00
9.812613302485626576e-01
8.485052001343378336e-01
-2.174839703859130502e-01
