-4.198261681742800899e-01
5.696718234807829351e-01
5.598841392694522412e-01
-8.939351985299983649e-01
2.291735715993958866e-01
-5.648796160531581734e-01
6.482779797762758811e-01
4.253154799191711799e-01
-1.000000000000000000e+00
-8.295896616465243678e-01
-2.203386447911348522e-01
-8.521102927693351425e-01
6.059475330438961471e-01
-8.656559269465278206e-01
-7.754446300007575843e-01
-8.311082761951642528e-01
6.022587476846401611e-01
-9.172429086284072941e-01
-6.345155777388700180e-02
1.000000000000000000e+00
-7.547288344470977073e-01
7.897912836489400235e-01
-4.037765161219011301e-01
-3.753770405444034619e-01
-7.027804374056323411e-01
-8.825171123113950689e-01
1.000000000000000000e+00
4.797317379198413612e-01
6.044805625027469542e-01
-1.330347785965733109e-01
-7.566565302451140340e-01
9.217422616134705038e-01
4.591708371897633700e-01
-8.026571038814589443e-02
6.904672564612590602e-01
2.250400994785549669e-01
9.062718261796391950e-01
-7.270621745413867743e-01
-5.059807812038461527e-01
-3.091615290201696897e-01
6.500290955059158104e-01
3.150629868760386199e-01
-7.558770330849917674e-01
3.646173403045787076e-01
1.630329440248678985e-01
-2.339388656219665297e-01
-8.606874626757539115e-01
4.862483871512559563e-01
1.000000000000000000e+00
-1.744628319665681992e-01
5.979677636932727580e-01
6.132248580207124711e-01
-4.522989792911460416e-01
-1.000000000000000000e+00
6.814566639215403621e-01
-1.444715361357620242e-01
-8.314151861473402239e-01
3.514860198090641319e-02
-9.916123155427494229e-01
6.462338720008411475e-01
9.918157964130425164e-02
-3.045524007762336893e-01
-2.553113087081211319e-01
-6.414147208012177526e-01
3.643921831769745268e-01
4.953129632924038184e-01
-7.167368087829912859e-01
4.321127532429969165e-01
9.987490605961564238e-01
2.706761515044358024e-01
9.072591443351309959e-01
-9.027232092049044532e-01
5.414910592302821790e-01
-8.912824622550439280e-01
5.810732294143912124e-01
3.438146974743194750e-01
-2.023011036921467110e-01
-1.591748816543907541e-01
4.123756668066633768e-01
4.365561358171603512e-01
4.970406403864480183e-02
-3.653755679904608922e-01
-8.093528585713647416e-01
-1.614382892109496037e-01
7.334723628616139912e-01
8.479050901057072487e-02
5.632885037575281473e-01
-4.878141885032745151e-01
3.021736209498060433e-01
-5.707821873293936754e-01
9.952972530453176869e-01
8.084895810153951423e-01
5.441905829156041818e-01
-9.488431120981550837e-01
2.418353149569869576e-01
-8.928517476570216882e-01
-2.735967284481186645e-01
9.190268618193038197e-01
1.823815818342013895e-01
6.678708463072970947e-01
7.419096445414690155e-01
-2.315062485559853389e-01
4.403146362309284800e-01
5.904499811802557119e-01
9.433956265764553706e-01
-8.899295442070866979e-01
-7.889196035901062665e-01
2.373602246263106785e-02
4.700970460059950007e-02
-7.268345880458193520e-01
3.779038254653490636e-01
6.364449214646437092e-01
-1.076195935614399080e-01
3.217712898075248962e-01
5.455138257369336330e-01
7.156144345975341547e-01
-2.665609159480757384e-01
9.212029718322534144e-02
5.339165258156630678e-01
2.549402712444135410e-01
1.070025231116173980e-01
4.214795836793634454e-01
6.277288197284458526e-02
-7.688274327736630553e-01
1.025886115456817738e-01
-1.216901797878240377e-01
-9.678439442871349385e-01
5.829384770370658053e-01
7.468446188517003925e-01
-8.737568473313328532e-02
4.966131190185678612e-01
-1.000000000000000000e+00
4.128991350532396076e-02
4.086968821746419511e-01
6.163740156826886807e-01
-1.281654463261454602e-01
-1.000000000000000000e+00
5.884300808944378236e-01
-2.471612167863119769e-01
7.641389966675962153e-01
1.903362329977877909e-01
-1.514930955088464870e-01
-7.221766401267395441e-01
2.682911926513733558e-01
6.348529427548199600e-01
2.388280752869265111e-01
4.885894029289630236e-01
8.567226901319280330e-03
-4.311698967583339481e-01
2.577288816808633864e-01
9.070869741494278493e-01
6.983580217119229605e-01
-3.707849373683975713e-01
-2.922336201625399532e-01
5.286648398772337831e-01
3.299386763467224704e-01
-6.375386725119083220e-01
-4.539343539890074997e-01
-6.614335640384518822e-01
2.742209582589560934e-01
1.000000000000000000e+00
-1.960168206978640804e-01
4.115857848269943720e-01
5.654772987766604198e-02
6.829447575433393869e-01
-8.985878672012712620e-01
3.937731365932628513e-01
-2.435677173453436595e-01
6.748472805217886616e-02
-1.231758251565200357e-01
-5.915152294565093616e-01
-6.332937366924717981e-01
5.329316634914467166e-01
8.717697340378105508e-01
4.081491972386896983e-02
2.148505078127487256e-01
-2.188982040522080563e-01
8.781887102191090477e-01
9.339280002453567153e-01
1.431235860227861867e-01
-5.346462480477081058e-01
-3.116954407777550173e-01
-1.666851629948846725e-01
2.080080208202776948e-01
9.077832095141333824e-01
-2.451260257203360382e-01
1.347986499917450676e-01
-9.708473099684176155e-01
-1.638992740422657857e-01
2.612712109960837470e-01
-5.395185827771185050e-01
4.828696900396411973e-01
2.395251519870966739e-02
-6.468690566954886645e-01
-8.111446820608605446e-01
-9.854709650738335824e-01
2.686481432505491984e-01
-4.342610098378376637e-01
-9.100929698319748518e-02
7.715077159768521931e-01
2.172685721945182280e-01
5.166878678128528080e-02
-7.748039379235009960e-01
1.541229089509112971e-01
9.019296660774227536e-01
-2.780735866284229640e-01
-5.575496963947168538e-02
9.326338817050732199e-01
3.240808234556773471e-01
9.699314531960747665e-01
-5.841703102538828851e-01
-8.227498051430970349e-01
7.895618828759063401e-01
-4.266907786537776914e-01
8.084987390310947042e-01
8.152424828654345479e-01
1.678563103913679466e-01
-8.093143543639240711e-01
5.871477061511607420e-01
1.992825871297421170e-01
-5.474780579535423186e-01
-1.728174958105177517e-01
-5.552985540355821481e-01
8.788084249855327990e-01
-6.745682136747332969e-01
-6.363110646582110785e-01
-8.795370165267049067e-01
4.547191636808398663e-01
4.711368321218143418e-01
3.547877742822700409e-01
8.435754212274994002e-01
7.353670684355118059e-01
-6.688750813083681468e-01
2.469562024261093836e-01
-2.504138808089286794e-01
4.024679447109317243e-01
1.594326211170125074e-01
4.939536184823187792e-01
4.370209014528474434e-01
-7.779474260889587267e-01
-2.410858632822221459e-02
-5.435544858795129386e-01
9.550887225437874051e-01
-1.292145546788840971e-01
-7.660176288534994438e-01
8.620090400976598843e-02
7.637816840728384182e-01
8.622016259976459374e-01
-9.769826124597825734e-01
3.417228055495558081e-02
1.628265258284835593e-01
-1.000000000000000000e+00
9.237682381756080474e-01
-2.895641005140237034e-02
-4.407141554390379135e-01
8.596515367932977547e-02
-3.118060601433159107e-02
-5.246440066477284780e-01
1.000000000000000000e+00
2.182973866342095004e-01
-8.507964250491337754e-01
-2.159234383730614937e-01
5.338783033437271008e-01
-4.704395977834150422e-01
8.146544248345823913e-01
