-1.000000000000000000e+00
5.849845803613575868e-01
-5.886336441215622717e-01
-1.000000000000000000e+00
6.685153597163950856e-01
6.913969081244604187e-01
-1.000000000000000000e+00
6.095338390821547492e-01
-3.156308552070803408e-01
-5.615467732805079493e-03
1.000000000000000000e+00
6.460620792855429340e-01
-3.663691443855727758e-01
-9.979765542307279524e-01
3.497202821000646722e-01
2.733103843324227178e-01
-9.454956674022272356e-01
-5.089763341143078712e-01
4.079412871191712142e-01
5.585698492667141579e-01
-7.348986868368541092e-01
1.000000000000000000e+00
-5.002966882667103654e-01
8.749023898476950833e-01
-7.621515800729479206e-01
-7.355854846392422264e-01
6.450091960155379667e-02
1.730275675550270176e-01
-5.355754011158471162e-01
3.731904157198930871e-01
5.611316090597084916e-01
5.807722464806539531e-01
1.980326137513184204e-01
-6.038162678769678493e-01
1.443751271244724244e-01
-1.000000000000000000e+00
-1.000000000000000000e+00
-1.000000000000000000e+00
-5.755604910946858777e-01
6.581180236556551932e-01
9.070425752723831891e-01
-4.647577155205742105e-01
8.292485241563360976e-01
5.806088156882271978e-01
-5.117360916772089041e-01
4.718519989871128306e-01
4.729521046375713134e-01
-7.005830305712041906e-01
-4.768036768476480169e-02
1.000000000000000000e+00
-1.880483927035688230e-01
-8.028579363245047507e-01
1.000000000000000000e+00
-4.378605573818941110e-01
5.781928213075746559e-01
4.129337278374711762e-01
-8.588434356196548158e-01
-1.000000000000000000e+00
-7.827944876790278173e-01
-6.254276523865056614e-01
-6.037995605573279745e-01
-5.065178584304879106e-01
1.000000000000000000e+00
-1.000000000000000000e+00
9.251746498654214168e-01
-4.927670915071358237e-01
-3.578388070391498310e-01
-3.578122033005669556e-01
7.734393308558467073e-01
3.812120182413432090e-01
4.303875954462455522e-01
-2.295615888787199133e-01
-1.000000000000000000e+00
-2.769388649244530765e-01
9.893696929518374095e-01
9.433679906500855861e-01
3.115927039170245383e-01
9.194968448281755080e-01
2.112309100210294499e-01
1.000000000000000000e+00
5.054383307729046759e-01
-6.914003137623336848e-01
-2.486133519451912965e-01
7.065279403402948688e-01
5.809260587980378254e-01
1.708440561821573667e-01
-4.628102020837119301e-01
-5.797664830532869296e-01
6.364046937755043487e-01
-9.522428958825166490e-01
3.760992140469650025e-01
-6.784289783281696185e-01
-5.933784595792250816e-01
6.227170288407046783e-02
4.030462891531527703e-01
-1.000000000000000000e+00
-9.664428950132397667e-01
9.824824998457200032e-01
-2.264202765040168597e-01
8.959362957455008214e-01
-8.536612192146317835e-01
8.191465485495541543e-01
4.549644359767901491e-03
5.384143974668030852e-01
2.645265972699206714e-01
-2.547778833369169771e-01
7.334845328498387218e-01
-1.000000000000000000e+00
-1.000000000000000000e+00
-2.598177159302977324e-01
1.882465704706661747e-01
-3.636614989314359558e-01
-3.663311392837758085e-01
6.983411128640424348e-01
-1.000000000000000000e+00
7.719217581233435155e-01
-6.477514848681888981e-01
8.900302477682007218e-01
-1.000000000000000000e+00
-2.998154387429896595e-03
-2.947938567444328140e-01
-8.479282785765045460e-01
-5.592320757053567126e-01
1.165062137203867199e-01
-4.100544785569866235e-01
9.473379455688477613e-01
9.026614095666707360e-01
-8.882291447283751085e-01
-1.874793458606407448e-01
1.931821104758246754e-01
3.401906345370626639e-01
9.369948953951203752e-01
4.622094799145823885e-01
-6.732882851464480067e-01
-1.000000000000000000e+00
7.617786236544583645e-01
4.141623583135931597e-01
9.290986495900634967e-01
4.946257295762870321e-01
-9.765175327247644921e-01
-5.775122457538881537e-01
5.896711138353704085e-01
4.785679031486398394e-01
-3.601817891408416461e-01
-7.976275442737206234e-01
-4.514130171351283805e-01
-2.193908271064710647e-01
5.457033738302681236e-01
-8.343347328028936083e-01
2.076604624442501823e-01
-4.178308036589448715e-01
-8.478829702643082555e-01
5.695116848325558756e-01
-2.476006641499555183e-01
1.251009766929497280e-01
-1.000000000000000000e+00
-1.066281594451914394e-01
-1.296363452585687082e-01
-4.238172635925192555e-01
-3.806850429740045172e-01
6.636819717713262623e-01
-7.048876785448747739e-01
5.668482864673846100e-02
-4.468291885138282460e-01
2.789977111504517993e-01
1.051768643354915600e-01
-8.562010087020859306e-01
8.742128703885054808e-01
-1.000000000000000000e+00
4.988953282861041671e-02
7.872036095404086886e-01
5.427747282831840714e-01
-2.229842906455723472e-01
-8.063188855632095198e-01
-1.744719057055263978e-01
-1.676437652704789727e-01
2.175278458407977067e-01
3.168141038150382727e-01
1.608715398463540502e-01
-9.963839779053220713e-01
4.677237594480533889e-01
-5.876858119967216521e-01
8.028590879963908300e-01
-3.606927901115706270e-01
1.901417853564650873e-01
8.085154927130775437e-01
-1.690007520868449520e-01
-1.000000000000000000e+00
-1.000000000000000000e+00
-5.875939763734960852e-01
-8.653190386814293422e-01
-2.701790611131127395e-01
6.962171416653384348e-01
-7.537120811152921984e-01
8.980737279681212382e-01
-4.756457505909827965e-02
-8.495624555150234070e-01
-4.122182504902489608e-01
3.732157532447948345e-01
-9.517016865408329807e-01
-5.443208416859433019e-01
-1.000000000000000000e+00
-8.272743945484652972e-01
-3.116565957867061254e-01
-2.398392515701386341e-01
4.425554523302595022e-01
7.243571442722511744e-01
4.979889336721545767e-01
3.538203533598223149e-01
-1.000000000000000000e+00
-5.513933145729610352e-02
-1.000000000000000000e+00
-3.095505235577924452e-01
-1.000000000000000000e+00
9.170476142826087251e-01
1.000000000000000000e+00
6.683056137210972025e-01
-1.000000000000000000e+00
-4.492082238592414178e-01
-2.659639773180262345e-01
-6.478397658114329882e-01
6.613580719940552743e-01
4.647474543498164579e-02
9.534800420673260613e-01
-7.816811989273642070e-02
-3.921899699411647289e-01
-6.534088019373465173e-01
-4.629717771496917322e-01
1.390024925362272068e-01
-4.118541492735980913e-01
-5.553459812457897105e-01
-4.381497927868216458e-02
4.672309764547726285e-01
4.218046269310526952e-02
-9.189192371212842048e-01
5.822070983544758160e-01
6.480420830251416575e-01
4.472755671486507989e-01
-9.639958052166464064e-02
1.000000000000000000e+00
-4.134632944001752630e-01
3.709164557718279132e-01
1.638150095777057835e-01
1.000000000000000000e+00
5.996031970455515392e-01
-2.723369230103893646e-01
1.773180946008126035e-01
-2.564786820473783369e-01
6.100615259007429181e-01
9.198819014429133745e-01
-6.934851933289556403e-01
-6.749605978589964250e-01
9.552862835334225977e-01
7.509442782967623575e-01
9.418258128201764112e-01
-9.889018024668920770e-01
-2.881277351830293654e-01
-3.874186312928991072e-01
-3.418525441477786586e-01
5.010247153765334804e-02
-7.589490652579991004e-01
-9.612211344303418503e-01
8.009128762348927122e-01
4.960573771514378283e-01
1.000000000000000000e+00
