8.262021983066087927e-01
5.791795387281406526e-01
4.443038705102617669e-01
-6.709931266841064890e-01
-4.956640064088344566e-01
-3.359889125096491291e-01
-7.464537452754311797e-01
-9.254946583675154326e-01
8.874833987227026544e-01
-6.127270175253241025e-01
-6.004469385999744446e-01
3.312363978794927721e-01
-8.457103990028536078e-01
-4.332824027339511330e-01
-5.204908733190068970e-01
1.000000000000000000e+00
5.524650643764086322e-01
-7.599050530314526153e-01
7.005554187085385465e-01
-6.410937764340787215e-01
-6.065062441485642442e-01
-8.384095467928014411e-01
-4.624768820664713065e-01
8.467508187172081424e-01
8.028399350904653620e-01
9.312011962999344750e-01
-4.206523856448680654e-01
-2.181046388864074093e-01
-7.952590198337252669e-01
-6.438858122909789650e-01
-7.022439072884418820e-01
-1.000000000000000000e+00
9.515046634803752124e-01
1.636940074907955456e-02
-6.922904898322064238e-01
6.104315409769140999e-01
8.167027543426732539e-01
-8.090395115272164261e-01
2.639696331258356565e-02
2.938295536265789210e-01
-4.171257934451624294e-01
5.652368782780867740e-01
8.538928547972675087e-01
7.668244871423159914e-01
6.914921030148897252e-01
1.590444786424962675e-01
5.960873896728364763e-01
1.000000000000000000e+00
1.796518746023858526e-01
-2.750374501612358191e-01
9.242123484125530641e-01
-1.000000000000000000e+00
-4.391445526677164590e-01
-7.059974980771018815e-01
-4.775825868223912973e-01
2.154043608316638103e-01
3.662034776408455983e-01
3.565235303214078222e-01
-5.771229171040195283e-01
1.324729644367002024e-01
6.648467197990444166e-01
-5.985206025237537197e-01
-7.209593100159050749e-01
-9.553538443576390371e-01
5.011624191067807210e-01
7.276446171474759694e-01
5.824730509117010957e-01
8.541631041670176838e-01
9.263914227444269844e-01
7.674157550045840326e-01
-6.895894737947054765e-01
2.863106430591904061e-01
-8.487439871997677354e-01
-5.463023862281337628e-01
8.003050499900221659e-01
-7.224494467356852301e-01
-1.137010242084560696e-01
-5.101296369120797980e-01
8.247239061424627149e-01
6.778199540133789114e-02
-5.941562540253730873e-02
9.172365935549069427e-01
-3.608376336978444954e-01
-4.249334656586414294e-01
5.456464006419201596e-01
-8.258412379557260596e-01
-4.838578693238144712e-01
8.112390276896648267e-01
-2.883526448292095257e-01
5.928147748965437724e-01
-7.503425490073991622e-01
-5.944743671713306199e-01
-1.581094907299360752e-01
9.597779809455180278e-01
-3.057481246991660129e-01
-1.000000000000000000e+00
-3.470518254937571268e-01
-8.682078687759382518e-01
6.115597650986925871e-02
-9.334093683062640867e-01
4.733202132023055508e-01
1.513436778443939534e-01
-9.799841435439291537e-01
-8.057552045585731904e-01
-3.440099478237395036e-01
-2.995788633006276624e-01
6.063643572771981738e-01
1.677190516845026291e-01
-9.654372994692890231e-01
9.254203614652900534e-02
-2.113972700345645439e-01
-3.496741070848439215e-01
1.279343288127372524e-01
1.400482795329145436e-01
-9.163462616770341462e-01
-8.102484495577333412e-01
-1.000000000000000000e+00
6.330924208702282119e-01
7.634500742326946199e-01
2.203278734129621164e-02
-7.341838180157931326e-01
-2.014329523229325680e-01
3.550504609645943610e-02
-7.469886137285999261e-01
9.573182803061399682e-01
-7.425884885866869123e-01
3.077265126446202537e-01
-5.859598118285385127e-01
2.094648849520397427e-02
-9.336313995033462820e-01
5.186652015824932960e-02
-1.000000000000000000e+00
-1.093719252369158568e-01
6.032656044911011151e-02
-9.144108932906591658e-01
-8.566164663209592245e-01
1.260426147069597658e-01
-8.684025733404470149e-01
-6.760657174982753759e-02
-2.205807131409915911e-01
-2.150282297557073452e-01
3.980218627198937043e-01
8.414311573006192368e-01
-5.213974074764315958e-03
7.368488895282159223e-01
-5.616565014433312353e-01
5.454578865719241776e-01
-6.525280357374860785e-01
8.937605014588214658e-01
-9.695059898872300241e-01
4.237290731935403620e-01
6.583936405917847345e-01
5.209643172247140352e-01
-8.718863479183982523e-01
7.470270381270460724e-02
-2.187488934131402996e-01
-5.280997971190830587e-01
1.928008502798597146e-01
2.850374302029134999e-01
-2.303873082967771158e-01
5.545545006056131765e-01
-5.444237781597525139e-01
3.625575755887604501e-01
-2.369341519956833508e-01
-4.777019202871735093e-01
-3.084039581390864981e-01
-6.321271535455170731e-01
-1.038280429055915555e-02
8.410351224458885167e-01
-1.261536357038786083e-01
-9.112591921874189094e-01
3.293635179256380052e-01
1.269247960287305244e-01
-8.582563951152977211e-02
2.720651856613620634e-01
5.724292847402081552e-01
-4.062056554668751485e-01
-6.529538108411219177e-01
-6.303163878804451947e-02
1.962718697981593596e-01
6.193256976140393277e-02
-4.039587333187648621e-01
-4.521153781876772193e-01
1.173149135466053927e-01
5.018767229385701079e-01
1.476817566697279371e-01
-8.189020891014888726e-01
7.789775887461516390e-01
-9.580784732481211208e-01
8.327126410645282473e-01
7.871223462603357257e-01
4.978863661260402029e-01
3.977437140306854246e-01
5.171216690888029710e-01
-2.967215891511121306e-02
-3.236984747033067045e-01
-3.177949236909687336e-01
4.790928925378092895e-01
-9.188951615223754921e-01
-7.946710166811246090e-01
7.745344067514190467e-01
1.588643460613934355e-01
-8.141123289244061034e-01
3.038520767629828701e-01
-4.710755388049256975e-01
-4.252129475469708098e-01
3.152665304934139101e-01
-9.791139731183493566e-01
4.340003319394296621e-01
-6.851007755080382733e-01
-5.510532652472694970e-01
-9.117659258612436091e-01
5.605489017224214443e-01
4.708743240550654630e-01
-3.897648404946667533e-01
-4.439024927247932073e-01
-7.824896729909247561e-02
7.703432368322800095e-01
3.284115301394776587e-01
-5.309895686974059892e-01
-9.791810002142937730e-01
-3.270131025746769726e-01
3.131596560003258034e-01
9.614286292168021664e-01
-1.220168065977869087e-01
2.976924319254392604e-01
4.917800282897692998e-01
-7.188574108261380768e-01
-9.707493247780625278e-01
9.079225849384378044e-01
1.211213729246509718e-01
-3.008842641394957607e-01
5.117132169369094097e-01
-4.905535561008369516e-01
-2.461197542920372516e-01
-5.015170915751219205e-01
8.794115306374772345e-01
3.527558537813182404e-01
6.543404379097021994e-01
1.776567429580513391e-01
-1.000000000000000000e+00
5.455302827658314868e-02
-9.264514034466422299e-01
6.757705562403411026e-01
-2.003883359307421230e-01
-7.721277997847828534e-01
1.201509350528184861e-01
5.894537561343269338e-01
2.621394778058334651e-01
-9.511662219125156525e-01
-1.942061661177636456e-01
-2.800553398325744681e-03
8.880641564817812750e-01
-9.940387462421562681e-02
-5.867244784876819441e-01
8.328910081280993527e-01
-5.353499097374654347e-01
5.786045513465312151e-01
9.143320965907679732e-01
1.000000000000000000e+00
-5.115797116774618569e-01
7.878321623723565370e-01
5.606435469164132712e-01
3.233511708346953339e-01
8.916838968929585718e-01
