-1.077749525387163843e-01
-1.869200473124854600e-01
8.753139655922652640e-01
8.981044168829606100e-01
-8.024573850243021944e-02
-6.611349327778393015e-01
-1.991614999125428387e-01
1.345664936350614571e-01
-4.922391526095102332e-01
3.494499420601404616e-02
1.494820038948829755e-02
2.297399449321873011e-01
4.538305069187684726e-01
-8.956197247360653257e-02
-4.945346542751003494e-01
9.385512128114481545e-01
8.217688248173562471e-01
-9.985797042071971052e-01
1.000000000000000000e+00
9.185851942275102822e-02
-2.177381145688497277e-01
8.963847483014220074e-02
2.589112473906214351e-01
7.219750092399730423e-01
-8.809307752809762970e-01
-3.293085477477788459e-01
-1.927504512698732242e-01
1.000000000000000000e+00
-7.922224566725311057e-02
-5.841376278304539760e-01
-7.292637311294767333e-01
-8.468317547691245339e-02
-6.730629910456853437e-01
-9.718891550276258506e-01
6.502711870711472830e-01
4.619720048598694451e-01
-7.295456469241838882e-01
1.665364270841824812e-01
9.219202881102073199e-02
-3.885716924886830625e-01
1.939397574227714749e-01
-9.676844724625099925e-01
-1.020813576738364148e-01
7.588084520679398981e-01
1.000000000000000000e+00
-9.354077315073676679e-01
-8.443574424148638791e-01
1.136847759666932411e-01
-6.141718358003460665e-01
8.805753951881678532e-02
-3.596528939580703188e-01
7.555851567207985120e-01
7.187391004141345796e-01
-2.796386899608516163e-01
-1.000000000000000000e+00
-9.230310461964885693e-01
-4.438029953370703495e-01
2.275210113185768268e-01
-9.262406604745490046e-01
5.384120834900723018e-01
-4.985307046009308518e-01
-1.302798796839208517e-01
8.969915366228775611e-01
-7.556840497732000284e-01
5.596397845787353109e-01
7.795768719470080876e-01
8.537362474500769238e-01
-1.561789567816556090e-01
5.434106892850489867e-01
-1.122857878643286345e-01
7.982635298846578742e-01
-1.000000000000000000e+00
3.910475009557190518e-02
-3.178168849565046195e-01
1.000000000000000000e+00
4.735542731241659808e-02
-5.015125331816029375e-01
-1.000000000000000000e+00
8.458378522361786889e-01
-1.779198907727315149e-01
-3.273731304276972232e-01
6.851378307416191582e-01
8.600156699072039057e-01
3.239863484926615023e-01
-3.301034724380300656e-01
-3.558038464811867918e-01
-2.725521958727097349e-01
-4.169449519745613841e-01
-8.892421255220372966e-01
-1.757825901798177881e-01
-2.091082866468043644e-01
5.191305459669495193e-01
5.438781498578861839e-01
1.000000000000000000e+00
-2.498766562706178362e-02
7.854012133791006267e-01
-7.946448889719643915e-01
-6.156131943646856453e-01
-2.297017110478608570e-01
-7.756325386302620473e-01
-1.797798317389054379e-01
-9.629233322890857760e-01
-6.675904961129046633e-01
-7.713138165980433225e-01
-3.331124117135226825e-01
-9.152937067921578240e-01
4.062643718198053477e-01
8.497548570428778980e-01
4.865289526570872880e-01
-5.578019431850538279e-01
-5.239019957462520694e-01
-8.032918898632652738e-01
7.963846096434605837e-01
6.094996362278193303e-01
-3.059531311886048988e-01
7.099645200312887372e-01
2.507754732928748620e-01
3.967307302361611221e-01
-9.514815224343224909e-01
5.612229564609738652e-01
8.903971360338152063e-01
8.900422525252900119e-01
-1.000000000000000000e+00
8.078529613684368726e-01
3.605081041934843356e-01
-3.352998512478457815e-01
9.256766653721653082e-01
1.000000000000000000e+00
3.258511024157839664e-01
-6.960625131534527998e-01
-9.269777365528870661e-01
-9.147081233112999143e-01
6.707313140048332123e-02
-4.284357103014768686e-01
6.052512982383468909e-01
-8.306037652191571308e-01
-7.010318192582265517e-02
6.334156987347920875e-01
-8.119828189367011007e-01
-4.292310640288663492e-01
2.156857605657926946e-01
-4.141786485494310388e-01
8.898723191488755457e-01
3.871228735661160769e-01
-1.000000000000000000e+00
5.009068849888231867e-02
-8.644702564425984503e-01
-7.108337245049232145e-01
-1.385441717931201744e-01
-1.000000000000000000e+00
-3.259222880723653404e-01
3.503931602646388477e-01
5.261174913671546882e-01
5.965350525874939525e-01
-8.529630999776944833e-01
2.939489691557368722e-01
-4.806965117859338665e-01
5.449751902807054016e-02
8.479505263161346562e-02
-1.818661279586838153e-01
-4.756953830044530207e-01
-4.902696172490217386e-01
-4.848798732545072099e-01
-9.706977660430204935e-02
3.874074932855506859e-01
1.000000000000000000e+00
5.738727763159467976e-01
9.889700929172186017e-01
6.235230016609609738e-01
-1.314645760565080757e-02
9.658688109299542468e-01
3.071291104232960478e-01
6.739411390012386427e-01
-6.300282606747689140e-01
3.875936131921513539e-01
-4.759660599341717369e-01
-8.951944619443603646e-01
6.842209595073280859e-01
1.737790106224688103e-01
-1.000000000000000000e+00
9.904393903573844860e-01
1.624167978700816750e-01
4.924912176519800067e-01
-7.186283291311035271e-01
3.219864931583867884e-01
8.295925282526619426e-01
7.828887408842633011e-01
-1.953069064152195278e-01
-5.868060624100903677e-01
2.469118500698352925e-01
5.993257531793869664e-01
-8.499045963821489913e-01
7.959831486980202264e-01
-7.752743713346718635e-02
-6.767758055836958775e-01
1.323137324682516214e-01
8.256057791125464007e-01
8.576157594622171310e-01
8.386026585616559448e-01
-9.240767607226414437e-01
5.643370496932553770e-02
-2.235842123823363892e-01
8.823955150327178476e-01
-7.294899806622614502e-01
-5.419266599094307857e-01
-2.637954473822294865e-01
7.958911115564737404e-01
1.000000000000000000e+00
5.227937957611785702e-01
2.767660270540217571e-01
-1.000000000000000000e+00
-5.942404510513377147e-02
-3.522799640502369822e-01
-8.053847137560059544e-01
-5.088258830904959229e-01
-9.121497452497262515e-01
-1.144464217815330809e-01
6.291015479144879130e-01
9.226897838973483479e-01
9.571216248415161942e-01
-8.276984754581229176e-02
7.508901722333253259e-01
7.198012285231476515e-01
-3.310468457737170134e-01
-7.596851382582985313e-01
4.520448051377368159e-01
-8.398204991467070890e-01
3.525199846371591672e-01
4.616453051121987006e-01
6.230004177941310672e-01
-4.248498556350885913e-01
-2.770445309130398215e-01
1.000000000000000000e+00
5.616101071615923201e-01
9.160237137765825377e-01
-2.422191822331676292e-01
5.565707498928927910e-01
2.670673945100485724e-01
8.368128695083096869e-01
-4.450913466458128465e-01
2.335622299430151205e-01
2.109917764559281483e-01
6.541559756605102027e-01
-6.745511117334641593e-01
3.603545975035065685e-01
2.012435569425378434e-01
-3.618233228815552760e-01
-7.632083786839447548e-01
5.045590908492092463e-01
-1.000000000000000000e+00
-2.726481103337574652e-02
-1.248961636028160793e-01
3.023960549453978963e-01
4.226439170332042528e-01
-4.957305668978533308e-01
8.667558055141497686e-01
5.770147219197112598e-01
7.179546279721784607e-01
6.268298633300910527e-01
2.783141843452887620e-01
5.882380062009011645e-01
-7.020448477351590721e-01
5.314147904723423022e-01
-7.411838688481386939e-01
2.370338760333534633e-01
