8.210676992206522584e-01
-4.357972491688282268e-01
7.687860699877191450e-01
-4.306765289528124985e-01
3.107752663239864432e-01
6.671577176950378441e-01
1.646525484796574901e-01
-3.521617363971194514e-01
-7.870416046566757196e-01
-5.497683255614209674e-01
1.412373530558261869e-01
-7.524779455233432390e-01
-5.342205156158941204e-01
-5.982585850189789944e-01
8.914597017656809008e-01
4.550826090522643863e-01
1.482613770185257085e-01
1.255829260038858752e-01
-1.902903385538312619e-02
-1.864953428804092539e-01
2.493446232469103130e-01
9.392130151695343709e-01
4.546084511161316843e-01
-5.893785540178602123e-01
5.123928476690058353e-01
7.637532640161406317e-01
7.464327727876929330e-02
-5.484260063428125775e-02
6.333782428840528667e-01
9.021709013753571593e-01
7.804592161338526068e-01
-6.209238417204760996e-01
-9.478298855542934831e-01
5.282301207660144993e-01
9.951186621753562722e-01
4.636855269652948586e-01
-5.549979970313458910e-01
-7.075928145843619621e-01
6.694781234348909926e-01
-4.754363341081262462e-01
-9.761551075907228814e-01
-1.347202630071414609e-01
-9.026139050978860823e-01
-6.089572451350251381e-01
-8.932178530634411473e-01
-3.116544922917094951e-01
-5.638602679878479407e-03
6.372939755811446449e-02
9.609888005684597001e-01
8.368910629898174136e-01
1.837511416652077845e-01
2.947592953915261216e-01
-6.025971439856747658e-02
-8.186103353689827555e-03
3.622840737547896595e-01
7.544046916749462817e-01
-3.596195098452714678e-02
2.861877819272493628e-01
-1.411244550795676123e-01
-9.609048344254245144e-02
-1.544723210245171341e-01
5.027377213660002564e-01
7.140752202402762538e-01
-5.258753963932496500e-01
-8.598934492089627124e-01
-7.187993836252881685e-01
7.118545673045493238e-01
-5.683093638096832212e-01
-2.623301769944252904e-02
9.004632886798966673e-01
-1.410861703225647634e-01
-8.897000783069692886e-01
-5.460047529256264465e-01
-5.811244638380416161e-01
8.539380114959935764e-01
7.241680323417469811e-01
-6.594320164821423358e-01
-2.600363197770536594e-01
8.414814970153756679e-01
-2.230645009508789300e-01
-6.396365066500764307e-01
-7.860601786412224623e-01
3.079043308920090816e-01
-5.878498164244225777e-01
-5.652090825011191200e-01
5.595236352612833475e-01
5.561942206337235906e-01
-7.436164504957585297e-01
-1.801991644156542005e-01
-1.219855341013806882e-01
6.327612649139215950e-01
2.939187736103856530e-01
-3.792046890269782367e-01
-3.723802536265281571e-01
7.365208120490585042e-01
-1.000000000000000000e+00
2.497473885628287427e-02
2.873188020469537030e-01
6.467389548138413602e-03
6.700271994933908459e-01
5.581981716713675379e-01
-2.942887182126241452e-01
1.121276253291501046e-01
8.799286819259284353e-01
-5.643750456090437240e-01
4.863346307789071510e-01
-2.417122646626275184e-01
4.996742874505069043e-01
-5.944753722218062419e-01
7.725252067557477620e-01
-6.997895906925271081e-01
6.682549869698435341e-01
-8.801158272799389781e-01
-5.344461387941816799e-01
2.537353105717541357e-01
-9.559075874886191482e-01
-6.123602094152686970e-01
-1.000000000000000000e+00
3.412186077517633809e-01
-5.043095497353546897e-01
-9.743831601872730008e-01
7.197770221074706321e-02
-2.141431497658425886e-01
8.931996600066225422e-01
-5.175484857505574521e-01
1.420991679382324069e-01
8.096100829511647667e-01
5.320777565645395946e-02
-1.664150262201626873e-01
1.000000000000000000e+00
-2.859245166386892301e-02
1.428312858491971316e-01
5.785503020979088085e-01
-3.564041640619817208e-01
7.500317577121524693e-01
3.026140270874542182e-01
9.802463468985880279e-01
-1.778708776727317975e-01
-3.522716290312408738e-01
5.515087322151692728e-01
2.372071164118816355e-01
-6.136902682370748430e-01
-1.380321193411244707e-01
1.641780749006138684e-02
-2.999124307865568273e-01
7.052164722065943359e-01
2.465743788649634727e-01
-4.953032198933822183e-01
-2.052819157519543136e-01
5.166128048631737357e-01
-1.000000000000000000e+00
8.350907708134647223e-02
-3.949728491079333992e-01
-7.043816274527052723e-01
-9.422886565298549399e-01
-4.785780979793889944e-01
6.105811099405469289e-01
-9.285435572763880430e-01
-6.321792288003360571e-01
-7.200430088293052755e-02
-6.222958794099471280e-01
-7.918702287561769637e-01
1.228949329112383193e-01
-1.288716402690890384e-01
-1.315386430727192302e-01
1.000000000000000000e+00
-4.305482439296919317e-01
-5.174705980096045987e-01
5.885715503315471775e-01
-9.230904490080829028e-01
4.127946984039739253e-01
-7.941152112927076789e-01
3.568713608409337379e-01
9.950586485231327494e-02
1.000000000000000000e+00
-4.342560500179211136e-01
3.249082080877445655e-01
-5.777237121382257090e-01
-9.013611472642539812e-01
-9.958692089156258032e-01
-4.320142055492723898e-01
-5.695858311854538059e-01
5.164723722986211962e-01
1.000000000000000000e+00
3.951395479461838889e-01
-2.372910669601404621e-01
-5.443757774154072138e-01
3.294669415703241899e-01
8.397678398508456876e-01
8.717355106688828847e-02
-8.939910719399073447e-01
-1.292728835729222148e-01
7.175947082869347238e-01
-3.780812570071048206e-01
5.493439416210270654e-01
4.436466926410396194e-01
-9.372344963781145122e-01
8.736556754912858658e-01
-6.861095904891356678e-01
7.820909754964526783e-01
-5.103521726660527058e-01
2.263200726770915328e-01
1.112363751858009842e-01
-5.812031498372087768e-01
-5.886178731443103551e-02
2.779685506236444503e-01
4.563182846955027294e-02
2.818833806141030074e-02
5.331614822471844040e-01
-4.215995101569600667e-01
-9.604177138755296550e-01
-6.406035607009807897e-02
1.000000000000000000e+00
9.040266562442045295e-01
-1.155024548690870567e-01
6.927929727467199150e-01
4.988008569633164413e-01
1.703508957321944184e-01
-7.556825002074014641e-01
-6.885424947525540240e-01
4.746016023645620585e-01
-3.857152980951270571e-01
1.260157793432519213e-01
2.245220381385890640e-01
7.177430305645676745e-01
-9.028026116528384826e-01
-2.616571264278433340e-01
8.351975145369145981e-01
-1.129781160317424593e-01
-8.237975517424120930e-01
-2.538530831414380629e-01
-8.682884475610057606e-01
6.356002526087738413e-01
-8.831412816171879676e-02
4.060153956822691868e-01
-5.660257369937871097e-02
-7.315119314356004487e-01
7.268259513977761710e-01
-5.191918379735007694e-01
9.363766657851508857e-01
-8.111891908455417521e-01
-6.131394820468896167e-01
3.863257182206831786e-01
8.276982694746606306e-01
-1.000000000000000000e+00
-2.780674288034492569e-01
7.804139324487886498e-01
-4.794344616805255033e-01
-5.405698745395701721e-01
-4.267718671859117574e-01
-1.787478910451416603e-01
-6.136438417252492172e-01
-7.693674709401880918e-01
5.147449044456902101e-01
5.137069749369620464e-01
7.188574669562417530e-01
-3.484378723490655361e-02
3.142758303146739873e-01
-4.892313797772172013e-01
7.793501430733493773e-01
6.706830282879283622e-02
-2.587790287223681318e-01
-1.021259276509149938e-01
-4.768850607228565242e-01
7.908043195471916587e-01
